1	5 
2	7 
3	6 
4	7 
5	10 
6	4 
7	5 
8	10 
9	6 
10	1 
11	1 
12	7 
13	1 
14	6 
15	1 
16	10 
17	5 
18	6 
19	7 
20	7 
21	1 
22	4 
23	10 
24	2 
25	10 
26	5 
27	9 
28	7 
29	6 
30	5 
31	7 
32	10 
33	4 
34	5 
35	4 
36	10 
37	7 
38	10 
39	5 
40	1 
41	9 
42	1 
43	10 
44	2 
45	2 
46	9 
47	6 
48	4 
49	8 
50	1 
51	2 
52	9 
53	5 
54	1 
55	5 
56	6 
57	9 
58	7 
59	7 
60	2 
61	5 
62	1 
63	3 
64	7 
65	6 
66	10 
67	6 
68	5 
69	4 
70	10 
71	9 
72	4 
73	9 
74	9 
75	5 
76	3 
77	8 
78	7 
79	3 
80	2 
81	6 
82	2 
83	1 
84	2 
85	9 
86	8 
87	6 
88	6 
89	3 
90	2 
91	2 
92	8 
93	1 
94	2 
95	2 
96	2 
97	7 
98	9 
99	5 
100	7 
101	5 
102	8 
103	7 
104	3 
105	5 
106	7 
107	3 
108	3 
109	4 
110	8 
111	6 
112	5 
113	5 
114	8 
115	5 
116	1 
117	9 
118	7 
119	1 
120	9 
121	7 
122	6 
123	10 
124	10 
125	5 
126	2 
127	6 
128	8 
129	3 
130	9 
131	6 
132	3 
133	3 
134	7 
135	5 
136	7 
137	8 
138	6 
139	9 
140	4 
141	7 
142	1 
143	6 
144	1 
145	3 
146	1 
147	1 
148	4 
149	8 
150	1 
151	8 
152	6 
153	5 
154	9 
155	5 
156	6 
157	5 
158	6 
159	7 
160	7 
161	9 
162	9 
163	5 
164	7 
165	8 
166	7 
167	6 
168	3 
169	3 
170	6 
171	5 
172	7 
173	4 
174	9 
175	1 
176	1 
177	2 
178	5 
179	1 
180	5 
181	6 
182	10 
183	6 
184	2 
185	6 
186	7 
187	1 
188	6 
189	5 
190	2 
191	1 
192	7 
193	2 
194	7 
195	7 
196	2 
197	1 
198	5 
199	4 
200	4 
201	5 
202	3 
203	4 
204	10 
205	2 
206	3 
207	1 
208	5 
209	9 
210	10 
211	5 
212	6 
213	3 
214	7 
215	6 
216	4 
217	5 
218	6 
219	7 
220	9 
221	2 
222	9 
223	7 
224	9 
225	3 
226	1 
227	6 
228	5 
229	4 
230	7 
231	5 
232	10 
233	5 
234	6 
235	1 
236	9 
237	1 
238	10 
239	4 
240	5 
241	4 
242	4 
243	2 
244	3 
245	5 
246	10 
247	8 
248	7 
249	5 
250	10 
251	3 
252	3 
253	5 
254	2 
255	7 
256	6 
257	2 
258	6 
259	2 
260	5 
261	2 
262	6 
263	2 
264	1 
265	9 
266	3 
267	5 
268	7 
269	7 
270	3 
271	3 
272	10 
273	4 
274	6 
275	5 
276	9 
277	2 
278	1 
279	1 
280	10 
281	7 
282	9 
283	1 
284	3 
285	8 
286	1 
287	5 
288	6 
289	6 
290	3 
291	10 
292	8 
293	10 
294	2 
295	5 
296	7 
297	8 
298	10 
299	10 
300	10 
301	6 
302	7 
303	7 
304	5 
305	9 
306	1 
307	9 
308	1 
309	4 
310	6 
311	10 
312	6 
313	6 
314	8 
315	10 
316	1 
317	7 
318	6 
319	6 
320	1 
321	9 
322	5 
323	1 
324	2 
325	8 
326	9 
327	1 
328	1 
329	7 
330	5 
331	10 
332	3 
333	8 
334	8 
335	7 
336	2 
337	3 
338	6 
339	5 
340	4 
341	5 
342	9 
343	1 
344	4 
345	8 
346	7 
347	1 
348	2 
349	5 
350	8 
351	3 
352	4 
353	3 
354	10 
355	3 
356	2 
357	8 
358	9 
359	7 
360	8 
361	6 
362	3 
363	1 
364	6 
365	1 
366	7 
367	6 
368	4 
369	5 
370	7 
371	1 
372	1 
373	7 
374	3 
375	5 
376	2 
377	3 
378	10 
379	7 
380	3 
381	4 
382	1 
383	5 
384	5 
385	4 
386	5 
387	6 
388	7 
389	2 
390	3 
391	6 
392	10 
393	5 
394	6 
395	7 
396	5 
397	6 
398	4 
399	1 
400	5 
401	1 
402	5 
403	5 
404	3 
405	3 
406	4 
407	5 
408	4 
409	7 
410	7 
411	6 
412	8 
413	6 
414	5 
415	5 
416	8 
417	5 
418	6 
419	2 
420	2 
421	6 
422	6 
423	7 
424	7 
425	1 
426	5 
427	7 
428	8 
429	3 
430	1 
431	5 
432	4 
433	7 
434	3 
435	6 
436	6 
437	5 
438	6 
439	6 
440	6 
441	6 
442	9 
443	2 
444	6 
445	3 
446	7 
447	7 
448	7 
449	3 
450	2 
451	3 
452	1 
453	1 
454	4 
455	8 
456	1 
457	2 
458	3 
459	8 
460	5 
461	1 
462	8 
463	5 
464	2 
465	2 
466	2 
467	10 
468	4 
469	9 
470	4 
471	5 
472	6 
473	8 
474	5 
475	5 
476	7 
477	1 
478	8 
479	10 
480	5 
481	4 
482	1 
483	3 
484	1 
485	6 
486	5 
487	10 
488	5 
489	5 
490	1 
491	3 
492	9 
493	8 
494	2 
495	5 
496	2 
497	6 
498	4 
499	6 
500	5 
501	5 
502	7 
503	7 
504	5 
505	3 
506	7 
507	8 
508	3 
509	7 
510	5 
511	4 
512	2 
513	9 
514	10 
515	4 
516	1 
517	7 
518	3 
519	4 
520	4 
521	6 
522	9 
523	10 
524	7 
525	9 
526	8 
527	6 
528	3 
529	3 
530	2 
531	1 
532	6 
533	2 
534	7 
535	8 
536	7 
537	6 
538	3 
539	1 
540	10 
541	9 
542	7 
543	7 
544	4 
545	6 
546	2 
547	8 
548	9 
549	9 
550	5 
551	5 
552	7 
553	2 
554	6 
555	1 
556	6 
557	9 
558	3 
559	1 
560	6 
561	3 
562	4 
563	7 
564	8 
565	9 
566	2 
567	2 
568	3 
569	10 
570	6 
571	7 
572	6 
573	9 
574	3 
575	9 
576	8 
577	2 
578	10 
579	4 
580	3 
581	7 
582	2 
583	8 
584	6 
585	1 
586	5 
587	3 
588	4 
589	3 
590	6 
591	6 
592	1 
593	6 
594	5 
595	5 
596	1 
597	1 
598	2 
599	1 
600	2 
601	7 
602	10 
603	7 
604	1 
605	6 
606	6 
607	6 
608	7 
609	4 
610	7 
611	7 
612	3 
613	5 
614	1 
615	10 
616	7 
617	9 
618	7 
619	6 
620	7 
621	10 
622	7 
623	9 
624	10 
625	5 
626	9 
627	2 
628	3 
629	6 
630	7 
631	5 
632	7 
633	1 
634	7 
635	1 
636	5 
637	7 
638	1 
639	5 
640	7 
641	3 
642	6 
643	8 
644	6 
645	4 
646	5 
647	9 
648	1 
649	4 
650	5 
651	9 
652	2 
653	4 
654	8 
655	6 
656	5 
657	6 
658	4 
659	1 
660	5 
661	2 
662	8 
663	1 
664	5 
665	6 
666	2 
667	6 
668	4 
669	10 
670	4 
671	3 
672	7 
673	3 
674	3 
675	1 
676	5 
677	8 
678	7 
679	8 
680	7 
681	6 
682	7 
683	4 
684	5 
685	6 
686	4 
687	10 
688	1 
689	9 
690	6 
691	5 
692	10 
693	5 
694	5 
695	7 
696	5 
697	3 
698	6 
699	6 
700	1 
701	7 
702	7 
703	3 
704	3 
705	6 
706	5 
707	9 
708	1 
709	5 
710	7 
711	9 
712	2 
713	2 
714	7 
715	9 
716	6 
717	7 
718	7 
719	1 
720	6 
721	3 
722	6 
723	2 
724	7 
725	3 
726	8 
727	9 
728	9 
729	7 
730	2 
731	1 
732	9 
733	8 
734	9 
735	2 
736	4 
737	1 
738	6 
739	8 
740	7 
741	2 
742	6 
743	2 
744	9 
745	6 
746	3 
747	6 
748	4 
749	2 
750	2 
751	10 
752	8 
753	1 
754	5 
755	3 
756	1 
757	4 
758	6 
759	6 
760	6 
761	7 
762	1 
763	1 
764	3 
765	4 
766	9 
767	7 
768	1 
769	9 
770	1 
771	3 
772	8 
773	6 
774	5 
775	6 
776	1 
777	9 
778	3 
779	7 
780	4 
781	7 
782	7 
783	6 
784	3 
785	7 
786	5 
787	2 
788	6 
789	6 
790	5 
791	6 
792	1 
793	2 
794	7 
795	1 
796	7 
797	4 
798	9 
799	6 
800	7 
801	5 
802	6 
803	6 
804	6 
805	1 
806	5 
807	8 
808	1 
809	1 
810	3 
811	6 
812	4 
813	6 
814	8 
815	7 
816	4 
817	2 
818	3 
819	5 
820	10 
821	6 
822	6 
823	7 
824	5 
825	5 
826	2 
827	10 
828	6 
829	10 
830	5 
831	2 
832	8 
833	2 
834	2 
835	5 
836	3 
837	7 
838	10 
839	7 
840	7 
841	9 
842	6 
843	1 
844	6 
845	9 
846	5 
847	4 
848	10 
849	3 
850	9 
851	5 
852	5 
853	4 
854	5 
855	6 
856	6 
857	5 
858	9 
859	3 
860	3 
861	7 
862	1 
863	9 
864	9 
865	3 
866	3 
867	1 
868	8 
869	3 
870	5 
871	4 
872	2 
873	1 
874	1 
875	9 
876	6 
877	10 
878	7 
879	4 
880	9 
881	2 
882	10 
883	1 
884	6 
885	3 
886	6 
887	3 
888	2 
889	5 
890	6 
891	7 
892	2 
893	2 
894	8 
895	5 
896	7 
897	2 
898	3 
899	2 
900	7 
901	1 
902	3 
903	7 
904	1 
905	9 
906	7 
907	2 
908	3 
909	6 
910	1 
911	2 
912	7 
913	7 
914	7 
915	2 
916	1 
917	4 
918	6 
919	10 
920	1 
921	10 
922	8 
923	8 
924	9 
925	1 
926	1 
927	6 
928	5 
929	5 
930	2 
931	1 
932	2 
933	1 
934	2 
935	8 
936	8 
937	4 
938	1 
939	2 
940	8 
941	4 
942	5 
943	9 
944	7 
945	6 
946	2 
947	5 
948	5 
949	3 
950	6 
951	3 
952	6 
953	8 
954	7 
955	7 
956	4 
957	7 
958	9 
959	1 
960	3 
961	3 
962	5 
963	6 
964	7 
965	10 
966	4 
967	3 
968	9 
969	3 
970	9 
971	6 
972	10 
973	5 
974	1 
975	5 
976	8 
977	5 
978	7 
979	7 
980	7 
981	9 
982	6 
983	5 
984	9 
985	1 
986	7 
987	5 
988	9 
989	7 
990	6 
991	1 
992	4 
993	7 
994	7 
995	6 
996	1 
997	9 
998	1 
999	10 
1000	4 
