1	228
1	295
1	322
1	341
1	369
1	403
1	501
1	636
1	857
1	998
2	4
2	118
2	424
2	476
2	502
2	710
2	729
2	800
2	861
2	886
3	65
3	81
3	156
3	212
3	422
3	619
3	783
3	842
3	890
3	920
4	2
4	16
4	31
4	59
4	269
4	373
4	379
4	424
4	448
4	672
5	25
5	70
5	232
5	246
5	540
5	569
5	615
5	680
5	751
5	877
6	200
6	239
6	242
6	398
6	406
6	515
6	653
6	683
6	871
6	975
7	53
7	393
7	415
7	474
7	475
7	489
7	495
7	604
7	691
7	854
8	16
8	291
8	298
8	315
8	413
8	467
8	514
8	921
8	965
8	972
9	29
9	138
9	234
9	262
9	387
9	478
9	667
9	742
9	855
9	995
10	11
10	147
10	190
10	226
10	365
10	372
10	425
10	809
10	843
10	974
11	10
11	119
11	320
11	361
11	452
11	461
11	490
11	516
11	719
11	910
12	14
12	37
12	100
12	103
12	219
12	303
12	502
12	837
12	878
12	978
13	21
13	223
13	343
13	347
13	365
13	452
13	539
13	756
13	763
13	925
14	12
14	227
14	440
14	570
14	606
14	607
14	655
14	828
14	844
14	945
15	42
15	237
15	327
15	531
15	614
15	789
15	792
15	873
15	933
15	991
16	4
16	8
16	23
16	123
16	210
16	250
16	392
16	479
16	487
16	602
17	30
17	201
17	330
17	393
17	625
17	657
17	664
17	676
17	684
17	825
18	56
18	156
18	301
18	387
18	593
18	616
18	745
18	747
18	759
18	890
19	194
19	219
19	346
19	448
19	531
19	672
19	682
19	695
19	781
19	989
20	134
20	223
20	409
20	514
20	552
20	608
20	839
20	913
20	944
20	954
21	13
21	187
21	308
21	355
21	401
21	453
21	700
21	756
21	770
21	776
22	69
22	89
22	216
22	381
22	511
22	519
22	588
22	645
22	670
22	683
23	16
23	70
23	124
23	210
23	296
23	523
23	540
23	829
23	877
23	999
24	94
24	236
24	324
24	512
24	567
24	741
24	793
24	833
24	881
24	907
25	5
25	66
25	354
25	378
25	514
25	578
25	615
25	662
25	751
25	838
26	99
26	171
26	386
26	691
26	693
26	696
26	754
26	889
26	954
26	977
27	52
27	74
27	172
27	236
27	469
27	525
27	715
27	875
27	968
27	988
28	54
28	159
28	248
28	359
28	370
28	373
28	611
28	622
28	678
28	680
29	9
29	435
29	533
29	572
29	699
29	705
29	789
29	811
29	855
29	918
30	17
30	39
30	245
30	253
30	341
30	486
30	522
30	550
30	594
30	754
31	4
31	78
31	141
31	524
31	563
31	630
31	680
31	724
31	896
31	940
32	36
32	38
32	66
32	182
32	232
32	299
32	300
32	452
32	602
32	972
33	35
33	239
33	498
33	515
33	575
33	579
33	645
33	653
33	736
33	780
34	101
34	208
34	260
34	504
34	790
34	801
34	857
34	947
34	971
34	973
35	33
35	72
35	109
35	148
35	250
35	544
35	653
35	812
35	816
35	937
36	32
36	232
36	238
36	299
36	331
36	523
36	566
36	615
36	827
36	919
37	12
37	172
37	761
37	767
37	837
37	896
37	912
37	973
37	978
37	986
38	32
38	43
38	66
38	311
38	392
38	613
38	669
38	692
38	827
38	921
39	30
39	106
39	125
39	295
39	384
39	495
39	947
39	975
39	977
39	987
40	93
40	147
40	264
40	279
40	371
40	385
40	425
40	700
40	762
40	901
41	46
41	98
41	139
41	161
41	222
41	229
41	236
41	522
41	734
41	766
42	15
42	54
42	116
42	146
42	306
42	596
42	635
42	747
42	873
42	933
43	38
43	246
43	291
43	354
43	540
43	621
43	669
43	687
43	837
43	965
44	96
44	193
44	280
44	324
44	465
44	530
44	566
44	730
44	911
44	932
45	177
45	277
45	465
45	494
45	566
45	567
45	582
45	627
45	715
45	743
46	41
46	52
46	139
46	224
46	307
46	358
46	707
46	720
46	984
46	988
47	56
47	122
47	127
47	387
47	422
47	545
47	657
47	849
47	918
47	927
48	109
48	203
48	241
48	408
48	481
48	515
48	632
48	879
48	917
48	1000
49	86
49	165
49	292
49	333
49	360
49	583
49	706
49	739
49	814
49	976
50	62
50	83
50	150
50	264
50	599
50	659
50	763
50	862
50	948
50	991
51	82
51	110
51	184
51	294
51	336
51	466
51	512
51	652
51	749
51	793
52	27
52	46
52	162
52	167
52	557
52	626
52	715
52	777
52	905
52	981
53	7
53	115
53	157
53	233
53	260
53	675
53	824
53	830
53	835
53	851
54	28
54	42
54	142
54	477
54	688
54	795
54	883
54	926
54	959
54	991
55	171
55	231
55	267
55	275
55	460
55	466
55	551
55	636
55	786
55	854
56	18
56	47
56	267
56	413
56	472
56	527
56	760
56	791
56	855
56	856
57	85
57	425
57	513
57	522
57	548
57	647
57	711
57	798
57	845
57	924
58	121
58	186
58	230
58	317
58	359
58	610
58	630
58	634
58	680
58	766
59	4
59	106
59	134
59	219
59	255
59	281
59	603
59	680
59	944
59	953
60	80
60	95
60	126
60	153
60	243
60	450
60	465
60	533
60	730
60	939
61	171
61	201
61	240
61	396
61	460
61	510
61	550
61	655
61	786
61	977
62	50
62	83
62	116
62	316
62	481
62	516
62	737
62	795
62	933
62	985
63	76
63	204
63	271
63	284
63	362
63	404
63	483
63	528
63	641
63	885
64	141
64	509
64	603
64	611
64	667
64	672
64	779
64	796
64	957
64	986
65	3
65	128
65	170
65	413
65	439
65	521
65	554
65	813
65	856
65	950
66	25
66	32
66	38
66	210
66	315
66	331
66	352
66	378
66	392
66	602
67	185
67	262
67	413
67	424
67	521
67	572
67	591
67	698
67	822
67	876
68	105
68	171
68	275
68	322
68	417
68	510
68	586
68	629
68	694
68	987
69	22
69	199
69	273
69	340
69	408
69	454
69	711
69	812
69	879
69	956
70	5
70	23
70	124
70	250
70	299
70	300
70	386
70	621
70	751
70	820
71	130
71	492
71	575
71	689
71	715
71	727
71	841
71	858
71	898
71	988
72	35
72	109
72	156
72	398
72	470
72	544
72	562
72	588
72	609
72	683
73	117
73	130
73	276
73	326
73	550
73	734
73	798
73	905
73	943
73	970
74	27
74	224
74	276
74	315
74	492
74	565
74	711
74	744
74	766
74	858
75	105
75	112
75	249
75	339
75	454
75	586
75	656
75	684
75	929
75	987
76	63
76	108
76	132
76	133
76	160
76	202
76	434
76	703
76	784
76	818
77	86
77	92
77	110
77	165
77	207
77	292
77	325
77	334
77	547
77	679
78	31
78	100
78	141
78	610
78	634
78	695
78	714
78	717
78	900
78	963
79	108
79	270
79	434
79	529
79	561
79	612
79	685
79	703
79	704
79	969
80	60
80	96
80	243
80	464
80	465
80	566
80	644
80	787
80	881
80	915
81	3
81	158
81	188
81	234
81	310
81	440
81	545
81	667
81	672
81	690
82	51
82	376
82	466
82	494
82	530
82	567
82	600
82	730
82	738
82	893
83	50
83	62
83	176
83	308
83	391
83	484
83	663
83	708
83	805
83	959
84	95
84	96
84	190
84	193
84	257
84	496
84	730
84	918
84	939
84	946
85	57
85	162
85	236
85	307
85	326
85	368
85	469
85	845
85	850
85	997
86	49
86	77
86	114
86	137
86	193
86	478
86	654
86	679
86	868
86	935
87	258
87	274
87	364
87	537
87	545
87	605
87	607
87	682
87	773
87	927
88	127
88	319
88	333
88	338
88	436
88	655
88	681
88	690
88	747
88	803
89	22
89	206
89	429
89	538
89	568
89	628
89	725
89	865
89	951
89	961
90	94
90	376
90	512
90	533
90	553
90	652
90	661
90	768
90	826
90	934
91	126
91	193
91	254
91	259
91	261
91	348
91	461
91	712
91	834
91	888
92	77
92	285
92	314
92	416
92	535
92	564
92	576
92	640
92	733
92	922
93	40
93	187
93	235
93	371
93	399
93	477
93	585
93	619
93	985
93	998
94	24
94	90
94	196
94	450
94	464
94	793
94	817
94	846
94	893
94	934
95	60
95	84
95	196
95	243
95	294
95	356
95	443
95	712
95	907
95	997
96	44
96	80
96	84
96	105
96	464
96	496
96	546
96	598
96	600
96	730
97	121
97	335
97	366
97	710
97	762
97	767
97	781
97	900
97	903
97	994
98	41
98	236
98	326
98	522
98	626
98	719
98	841
98	850
98	905
98	988
99	26
99	113
99	369
99	384
99	386
99	431
99	463
99	487
99	691
99	754
100	12
100	78
100	136
100	186
100	317
100	392
100	433
100	680
100	785
100	900
101	34
101	240
101	260
101	349
101	358
101	417
101	631
101	639
101	706
101	947
102	285
102	478
102	493
102	564
102	744
102	752
102	772
102	814
102	935
102	953
103	12
103	194
103	476
103	601
103	701
103	718
103	759
103	761
103	794
103	796
104	133
104	332
104	404
104	528
104	628
104	674
104	778
104	850
104	859
104	860
105	68
105	75
105	96
105	201
105	403
105	694
105	806
105	825
105	830
105	870
106	39
106	59
106	118
106	164
106	255
106	509
106	761
106	900
106	903
106	993
107	108
107	133
107	145
107	290
107	362
107	397
107	404
107	529
107	589
107	898
108	76
108	79
108	107
108	133
108	351
108	440
108	529
108	866
108	908
108	967
109	35
109	48
109	72
109	385
109	432
109	515
109	579
109	816
109	879
109	950
110	51
110	77
110	137
110	297
110	350
110	428
110	473
110	654
110	814
110	940
111	310
111	338
111	519
111	605
111	681
111	722
111	856
111	876
111	884
111	995
112	75
112	113
112	417
112	510
112	611
112	639
112	691
112	774
112	870
112	947
113	99
113	112
113	157
113	171
113	180
113	198
113	199
113	249
113	426
113	790
114	86
114	325
114	333
114	357
114	455
114	677
114	733
114	772
114	924
114	936
115	53
115	260
115	275
115	504
115	625
115	709
115	754
115	851
115	860
115	973
116	42
116	62
116	176
116	235
116	328
116	453
116	482
116	559
116	596
116	811
117	73
117	236
117	265
117	374
117	442
117	525
117	707
117	905
117	943
117	968
118	2
118	106
118	219
118	462
118	542
118	682
118	729
118	779
118	781
118	986
119	11
119	226
119	278
119	343
119	347
119	363
119	456
119	688
119	768
119	798
120	220
120	265
120	305
120	321
120	492
120	590
120	728
120	864
120	984
120	988
121	58
121	97
121	220
121	346
121	616
121	632
121	710
121	718
121	785
121	891
122	47
122	256
122	391
122	436
122	537
122	822
122	853
122	909
122	918
122	927
123	16
123	182
123	204
123	234
123	293
123	299
123	331
123	479
123	615
123	848
124	23
124	70
124	295
124	479
124	523
124	578
124	827
124	838
124	919
124	972
125	39
125	228
125	330
125	369
125	431
125	445
125	631
125	676
125	790
125	977
126	60
126	91
126	421
126	553
126	566
126	600
126	661
126	713
126	826
126	897
127	47
127	88
127	129
127	418
127	439
127	441
127	527
127	554
127	681
127	844
128	65
128	428
128	455
128	462
128	478
128	493
128	564
128	643
128	677
128	976
129	127
129	251
129	266
129	377
129	380
129	445
129	568
129	641
129	746
129	908
130	71
130	73
130	161
130	192
130	209
130	358
130	541
130	732
130	863
130	905
131	156
131	167
131	185
131	364
131	441
131	444
131	705
131	757
131	886
131	952
132	76
132	169
132	353
132	518
132	529
132	704
132	746
132	778
132	866
132	994
133	76
133	104
133	107
133	108
133	290
133	374
133	377
133	380
133	544
133	859
134	20
134	59
134	172
134	214
134	335
134	534
134	568
134	616
134	672
134	782
135	153
135	233
135	295
135	304
135	341
135	386
135	403
135	595
135	822
135	895
136	100
136	192
136	317
136	447
136	536
136	563
136	656
136	794
136	980
136	986
137	86
137	110
137	149
137	283
137	357
137	459
137	547
137	662
137	894
137	935
138	9
138	262
138	274
138	413
138	499
138	570
138	663
138	813
138	821
138	918
139	41
139	46
139	492
139	575
139	732
139	850
139	958
139	965
139	981
139	988
140	239
140	352
140	454
140	468
140	511
140	596
140	748
140	853
140	871
140	941
141	31
141	64
141	78
141	172
141	302
141	379
141	534
141	823
141	880
141	978
142	54
142	176
142	237
142	430
142	700
142	778
142	910
142	925
142	974
142	985
143	274
143	312
143	361
143	444
143	456
143	527
143	606
143	607
143	758
143	811
144	191
144	207
144	235
144	371
144	382
144	399
144	401
144	461
144	648
144	786
145	107
145	271
145	458
145	483
145	491
145	580
145	589
145	612
145	673
145	793
146	42
146	148
146	320
146	382
146	452
146	596
146	700
146	719
146	737
146	805
147	10
147	40
147	175
147	191
147	452
147	592
147	614
147	867
147	932
147	974
148	35
148	146
148	239
148	241
148	481
148	511
148	686
148	847
148	853
148	941
149	137
149	350
149	459
149	462
149	507
149	526
149	564
149	643
149	869
149	923
150	50
150	194
150	347
150	477
150	585
150	768
150	808
150	938
150	959
150	991
151	357
151	465
151	473
151	576
151	643
151	739
151	922
151	935
151	936
151	940
152	212
152	218
152	397
152	521
152	532
152	554
152	775
152	803
152	838
152	909
153	60
153	135
153	178
153	295
153	339
153	375
153	480
153	504
153	550
153	664
154	209
154	265
154	282
154	469
154	541
154	548
154	570
154	647
154	875
154	984
155	369
155	383
155	475
155	550
155	790
155	824
155	830
155	835
155	926
155	929
156	3
156	18
156	72
156	131
156	185
156	319
156	690
156	758
156	773
156	804
157	53
157	113
157	189
157	233
157	322
157	393
157	407
157	684
157	873
157	942
158	81
158	215
158	274
158	312
158	397
158	584
158	619
158	747
158	783
158	831
159	28
159	230
159	424
159	543
159	601
159	637
159	640
159	858
159	955
159	964
160	76
160	281
160	303
160	427
160	447
160	543
160	618
160	761
160	781
160	978
161	41
161	130
161	162
161	224
161	245
161	321
161	342
161	522
161	734
161	970
162	52
162	85
162	161
162	321
162	525
162	564
162	573
162	841
162	864
162	924
163	304
163	349
163	407
163	426
163	474
163	504
163	547
163	594
163	819
163	824
164	106
164	195
164	248
164	370
164	563
164	701
164	717
164	856
164	891
164	954
165	49
165	77
165	314
165	412
165	473
165	507
165	677
165	686
165	868
165	894
166	192
166	317
166	335
166	409
166	476
166	632
166	740
166	770
166	957
166	993
167	52
167	131
167	181
167	387
167	485
167	593
167	758
167	788
167	789
167	802
168	213
168	332
168	393
168	505
168	589
168	721
168	746
168	866
168	869
168	908
169	132
169	202
169	244
169	451
169	505
169	561
169	674
169	836
169	849
169	909
170	65
170	421
170	444
170	485
170	629
170	747
170	855
170	864
170	918
170	945
171	26
171	55
171	61
171	68
171	113
171	471
171	656
171	851
171	895
171	896
172	27
172	37
172	134
172	141
172	346
172	622
172	682
172	767
172	823
172	913
173	203
173	241
173	352
173	406
173	408
173	498
173	562
173	624
173	966
173	992
174	326
174	358
174	442
174	490
174	492
174	651
174	841
174	858
174	864
174	880
175	147
175	308
175	425
175	429
175	638
175	795
175	867
175	931
175	985
175	996
176	83
176	116
176	142
176	197
176	207
176	343
176	363
176	382
176	555
176	876
177	45
177	304
177	577
177	652
177	666
177	723
177	817
177	907
177	915
177	932
178	153
178	245
178	295
178	339
178	396
178	474
178	586
178	625
178	684
178	690
179	187
179	320
179	592
179	753
179	756
179	874
179	901
179	974
179	984
179	998
180	113
180	228
180	238
180	275
180	480
180	501
180	646
180	676
180	694
180	895
181	167
181	212
181	258
181	397
181	499
181	556
181	722
181	760
181	844
181	921
182	32
182	123
182	293
182	317
182	621
182	624
182	692
182	829
182	919
182	965
183	227
183	262
183	361
183	436
183	482
183	499
183	657
183	799
183	802
183	909
184	51
184	243
184	263
184	294
184	464
184	582
184	627
184	703
184	826
184	893
185	67
185	131
185	156
185	397
185	469
185	720
185	722
185	759
185	760
185	811
186	58
186	100
186	448
186	476
186	506
186	536
186	616
186	702
186	756
186	878
187	21
187	93
187	179
187	279
187	452
187	461
187	490
187	531
187	883
187	907
188	81
188	338
188	422
188	436
188	667
188	742
188	758
188	947
188	963
188	982
189	157
189	304
189	396
189	400
189	426
189	500
189	551
189	573
189	646
189	660
190	10
190	84
190	356
190	407
190	530
190	730
190	741
190	750
190	817
190	932
191	144
191	147
191	207
191	264
191	382
191	753
191	780
191	916
191	926
191	996
192	130
192	136
192	166
192	195
192	534
192	622
192	785
192	840
192	979
192	993
193	44
193	84
193	86
193	91
193	263
193	464
193	494
193	496
193	741
193	930
194	19
194	103
194	150
194	335
194	446
194	710
194	717
194	782
194	878
194	964
195	164
195	192
195	230
195	335
195	395
195	502
195	506
195	779
195	972
195	979
196	94
196	95
196	243
196	334
196	348
196	420
196	666
196	735
196	826
196	907
197	176
197	283
197	382
197	477
197	484
197	585
197	721
197	809
197	843
197	938
198	113
198	267
198	275
198	437
198	595
198	696
198	752
198	835
198	846
198	942
199	69
199	113
199	200
199	432
199	658
199	797
199	853
199	879
199	917
199	937
200	6
200	199
200	239
200	241
200	309
200	352
200	544
200	653
200	867
200	956
201	17
201	61
201	105
201	275
201	393
201	460
201	569
201	854
201	928
201	973
202	76
202	169
202	332
202	362
202	574
202	580
202	817
202	859
202	961
202	969
203	48
203	173
203	229
203	368
203	385
203	481
203	520
203	683
203	687
203	816
204	63
204	123
204	280
204	300
204	354
204	392
204	615
204	621
204	921
204	972
205	221
205	254
205	325
205	465
205	713
205	730
205	743
205	787
205	834
205	930
206	89
206	451
206	483
206	574
206	589
206	641
206	755
206	826
206	908
206	969
207	77
207	144
207	176
207	191
207	278
207	401
207	604
207	731
207	809
207	926
208	34
208	228
208	231
208	349
208	407
208	609
208	636
208	639
208	646
208	684
209	130
209	154
209	220
209	222
209	276
209	289
209	548
209	617
209	651
209	769
210	16
210	23
210	66
210	238
210	293
210	299
210	687
210	772
210	820
210	877
211	233
211	249
211	339
211	375
211	483
211	684
211	790
211	851
211	973
211	987
212	3
212	152
212	181
212	234
212	288
212	301
212	527
212	722
212	828
212	929
213	168
213	373
213	429
213	508
213	558
213	697
213	764
213	771
213	818
213	866
214	134
214	258
214	281
214	370
214	395
214	476
214	542
214	782
214	840
214	980
215	158
215	274
215	387
215	391
215	438
215	443
215	537
215	590
215	690
215	760
216	22
216	242
216	309
216	340
216	513
216	579
216	668
216	736
216	847
216	992
217	260
217	267
217	330
217	407
217	437
217	463
217	656
217	819
217	935
217	977
218	152
218	286
218	310
218	391
218	485
218	590
218	606
218	773
218	775
218	982
219	12
219	19
219	59
219	118
219	268
219	376
219	601
219	630
219	740
219	957
220	120
220	121
220	209
220	342
220	442
220	575
220	727
220	744
220	863
220	864
221	205
221	243
221	354
221	533
221	546
221	666
221	713
221	831
221	897
221	911
222	41
222	209
222	224
222	326
222	430
222	492
222	549
222	565
222	744
222	984
223	13
223	20
223	269
223	329
223	366
223	370
223	502
223	552
223	640
223	913
224	46
224	74
224	161
224	222
224	342
224	442
224	732
224	827
224	841
224	864
225	271
225	374
225	405
225	491
225	518
225	699
225	771
225	849
225	869
225	885
226	10
226	119
226	308
226	372
226	538
226	663
226	675
226	756
226	926
226	959
227	14
227	183
227	421
227	438
227	560
227	642
227	699
227	700
227	802
227	971
228	1
228	125
228	180
228	208
228	386
228	594
228	824
228	852
228	868
228	983
229	41
229	203
229	273
229	340
229	385
229	406
229	468
229	520
229	797
229	941
230	58
230	159
230	195
230	317
230	388
230	524
230	543
230	670
230	701
230	913
231	55
231	208
231	233
231	480
231	500
231	625
231	631
231	676
231	847
231	889
232	5
232	32
232	36
232	293
232	311
232	354
232	523
232	603
232	751
232	848
233	53
233	135
233	157
233	211
233	231
233	260
233	375
233	396
233	489
233	927
234	9
234	81
234	123
234	212
234	318
234	319
234	361
234	497
234	590
234	821
235	93
235	116
235	144
235	316
235	365
235	559
235	795
235	834
235	843
235	916
236	24
236	27
236	41
236	85
236	98
236	117
236	307
236	707
236	924
236	981
237	15
237	142
237	294
237	365
237	482
237	688
237	756
237	792
237	805
237	998
238	36
238	180
238	210
238	291
238	299
238	354
238	378
238	569
238	615
238	624
239	6
239	33
239	140
239	148
239	200
239	381
239	649
239	686
239	853
239	903
240	61
240	101
240	253
240	341
240	383
240	400
240	437
240	475
240	870
240	923
241	48
241	148
241	173
241	200
241	520
241	540
241	562
241	683
241	871
241	1000
242	6
242	216
242	273
242	340
242	385
242	432
242	609
242	633
242	649
242	748
243	60
243	80
243	95
243	184
243	196
243	221
243	546
243	834
243	905
243	907
244	169
244	252
244	284
244	362
244	404
244	434
244	587
244	649
244	746
244	771
245	30
245	161
245	178
245	386
245	501
245	636
245	693
245	801
245	824
245	962
246	5
246	43
246	378
246	540
246	569
246	624
246	687
246	912
246	921
246	965
247	285
247	412
247	428
247	459
247	473
247	694
247	733
247	752
247	807
247	923
248	28
248	164
248	433
248	581
248	603
248	620
248	658
248	740
248	861
248	913
249	75
249	113
249	211
249	474
249	489
249	595
249	693
249	830
249	919
249	948
250	16
250	35
250	70
250	272
250	311
250	331
250	354
250	514
250	624
250	877
251	129
251	508
251	620
251	764
251	771
251	836
251	885
251	898
251	960
251	969
252	244
252	353
252	374
252	390
252	505
252	641
252	703
252	784
252	902
252	986
253	30
253	240
253	349
253	377
253	400
253	501
253	786
253	852
253	870
253	962
254	91
254	205
254	261
254	263
254	420
254	661
254	788
254	817
254	892
254	893
255	59
255	106
255	302
255	359
255	543
255	678
255	697
255	823
255	891
255	955
256	122
256	289
256	440
256	745
256	783
256	788
256	856
256	861
256	884
256	995
257	84
257	263
257	324
257	336
257	466
257	712
257	750
257	795
257	881
257	930
258	87
258	181
258	214
258	319
258	364
258	590
258	722
258	760
258	799
258	855
259	91
259	465
259	496
259	661
259	723
259	787
259	796
259	831
259	915
259	946
260	34
260	53
260	101
260	115
260	217
260	233
260	551
260	656
260	852
260	988
261	91
261	254
261	277
261	420
261	443
261	533
261	553
261	713
261	834
261	945
262	9
262	67
262	138
262	183
262	413
262	570
262	716
262	884
262	890
262	970
263	184
263	193
263	254
263	257
263	450
263	647
263	741
263	749
263	897
263	915
264	40
264	50
264	191
264	286
264	318
264	323
264	343
264	371
264	599
264	795
265	117
265	120
265	154
265	282
265	321
265	442
265	549
265	728
265	958
265	974
266	129
266	351
266	377
266	505
266	508
266	589
266	674
266	767
266	887
266	969
267	55
267	56
267	198
267	217
267	287
267	304
267	402
267	895
267	948
267	962
268	219
268	303
268	366
268	630
268	701
268	761
268	764
268	800
268	944
268	954
269	4
269	223
269	301
269	303
269	317
269	447
269	678
269	695
269	702
269	837
270	79
270	374
270	445
270	458
270	538
270	587
270	671
270	755
270	771
270	776
271	63
271	145
271	225
271	383
271	404
271	561
271	784
271	859
271	860
271	949
272	250
272	354
272	479
272	487
272	514
272	569
272	827
272	901
272	919
272	999
273	69
273	229
273	242
273	368
273	481
273	498
273	560
273	579
273	780
273	941
274	87
274	138
274	143
274	158
274	215
274	337
274	441
274	886
274	945
274	971
275	55
275	68
275	115
275	180
275	198
275	201
275	646
275	712
275	947
275	948
276	73
276	74
276	209
276	548
276	625
276	728
276	766
276	858
276	863
276	981
277	45
277	261
277	291
277	324
277	443
277	530
277	598
277	892
277	899
277	946
278	119
278	207
278	372
278	456
278	461
278	592
278	659
278	742
278	873
278	926
279	40
279	187
279	283
279	332
279	399
279	453
279	461
279	596
279	867
279	904
280	44
280	204
280	311
280	621
280	624
280	692
280	829
280	838
280	882
280	965
281	59
281	160
281	214
281	379
281	509
281	634
281	714
281	825
281	840
281	986
282	154
282	265
282	303
282	305
282	307
282	575
282	769
282	798
282	970
282	997
283	137
283	197
283	279
283	372
283	484
283	592
283	635
283	638
283	659
283	663
284	63
284	244
284	362
284	405
284	612
284	671
284	778
284	860
284	969
284	993
285	92
285	102
285	247
285	292
285	297
285	480
285	547
285	733
285	752
285	814
286	218
286	264
286	382
286	490
286	585
286	648
286	688
286	737
286	756
286	776
287	267
287	369
287	427
287	480
287	495
287	650
287	660
287	857
287	895
287	977
288	212
288	301
288	411
288	472
288	554
288	667
288	745
288	952
288	982
288	987
289	209
289	256
289	313
289	367
289	438
289	745
289	747
289	811
289	821
289	950
290	107
290	133
290	320
290	451
290	483
290	528
290	697
290	703
290	951
290	960
291	8
291	43
291	238
291	277
291	311
291	467
291	479
291	687
291	848
291	999
292	49
292	77
292	285
292	314
292	564
292	662
292	739
292	772
292	775
292	922
293	123
293	182
293	210
293	232
293	298
293	300
293	311
293	331
293	398
293	602
294	51
294	95
294	184
294	237
294	336
294	582
294	712
294	735
294	833
294	899
295	1
295	39
295	124
295	135
295	153
295	178
295	349
295	396
295	551
295	664
296	23
296	542
296	640
296	717
296	839
296	861
296	954
296	955
296	979
296	994
297	110
297	285
297	334
297	345
297	360
297	416
297	428
297	431
297	726
297	894
298	8
298	293
298	392
298	479
298	487
298	523
298	578
298	626
298	669
298	877
299	32
299	36
299	70
299	123
299	210
299	238
299	370
299	392
299	467
299	624
300	32
300	70
300	204
300	293
300	378
300	467
300	487
300	506
300	621
300	692
301	18
301	212
301	269
301	288
301	421
301	435
301	681
301	722
301	788
301	803
302	141
302	255
302	409
302	618
302	637
302	705
302	714
302	785
302	913
302	993
303	12
303	160
303	268
303	269
303	282
303	379
303	682
303	702
303	729
303	794
304	135
304	163
304	177
304	189
304	267
304	386
304	417
304	460
304	500
304	928
305	120
305	282
305	525
305	541
305	548
305	617
305	689
305	766
305	769
305	864
306	42
306	347
306	430
306	675
306	762
306	801
306	867
306	873
306	874
306	985
307	46
307	85
307	236
307	282
307	342
307	513
307	573
307	617
307	858
307	976
308	21
308	83
308	175
308	226
308	363
308	384
308	453
308	585
308	663
308	874
309	200
309	216
309	398
309	434
309	454
309	511
309	520
309	609
309	812
309	941
310	81
310	111
310	218
310	444
310	499
310	572
310	584
310	699
310	884
310	968
311	38
311	232
311	250
311	280
311	291
311	293
311	315
311	542
311	972
311	999
312	143
312	158
312	441
312	698
312	716
312	738
312	811
312	842
312	957
312	982
313	289
313	364
313	397
313	537
313	545
313	657
313	739
313	760
313	791
313	799
314	92
314	165
314	292
314	345
314	350
314	412
314	455
314	493
314	726
314	969
315	8
315	66
315	74
315	311
315	378
315	487
315	540
315	669
315	838
315	921
316	62
316	235
316	320
316	461
316	482
316	592
316	614
316	638
316	669
316	675
317	58
317	100
317	136
317	166
317	182
317	230
317	269
317	379
317	395
317	823
318	234
318	264
318	411
318	421
318	644
318	657
318	722
318	813
318	821
318	918
319	88
319	156
319	234
319	258
319	411
319	644
319	738
319	783
319	813
319	958
320	11
320	146
320	179
320	290
320	316
320	323
320	597
320	635
320	792
320	959
321	120
321	161
321	162
321	265
321	532
321	548
321	565
321	711
321	727
321	880
322	1
322	68
322	157
322	402
322	417
322	486
322	597
322	613
322	854
322	857
323	264
323	320
323	425
323	490
323	559
323	648
323	763
323	871
323	904
323	974
324	24
324	44
324	257
324	277
324	348
324	416
324	494
324	598
324	793
324	946
325	77
325	114
325	205
325	583
325	677
325	679
325	752
325	894
325	922
325	923
326	73
326	85
326	98
326	174
326	222
326	567
326	732
326	734
326	968
326	997
327	15
327	365
327	399
327	484
327	525
327	862
327	873
327	920
327	925
327	974
328	116
328	453
328	555
328	592
328	643
328	763
328	843
328	862
328	867
328	933
329	223
329	410
329	427
329	447
329	571
329	610
329	672
329	695
329	812
329	815
330	17
330	125
330	217
330	394
330	613
330	631
330	696
330	786
330	852
330	929
331	36
331	66
331	123
331	250
331	293
331	800
331	820
331	829
331	838
331	882
332	104
332	168
332	202
332	279
332	518
332	673
332	746
332	865
332	898
332	967
333	49
333	88
333	114
333	412
333	455
333	654
333	726
333	752
333	922
333	940
334	77
334	196
334	297
334	350
334	416
334	535
334	547
334	643
334	739
334	953
335	97
335	134
335	166
335	194
335	195
335	357
335	502
335	503
335	637
335	980
336	51
336	257
336	294
336	443
336	464
336	566
336	661
336	732
336	749
336	899
337	274
337	429
337	505
337	528
337	538
337	721
337	784
337	865
337	949
337	969
338	88
338	111
338	188
338	389
338	435
338	444
338	472
338	527
338	593
338	788
339	75
339	153
339	178
339	211
339	414
339	415
339	539
339	801
339	846
339	851
340	69
340	216
340	229
340	242
340	352
340	385
340	400
340	544
340	579
340	917
341	1
341	30
341	135
341	240
341	393
341	488
341	631
341	646
341	846
341	870
342	161
342	220
342	224
342	307
342	647
342	651
342	727
342	936
342	968
342	988
343	13
343	119
343	176
343	264
343	456
343	635
343	675
343	870
343	916
343	959
344	381
344	463
344	498
344	519
344	645
344	668
344	736
344	765
344	816
344	879
345	297
345	314
345	357
345	396
345	507
345	535
345	654
345	807
345	832
345	935
346	19
346	121
346	172
346	446
346	507
346	543
346	779
346	840
346	878
346	989
347	13
347	119
347	150
347	306
347	453
347	516
347	675
347	768
347	771
347	938
348	91
348	196
348	324
348	389
348	566
348	610
348	627
348	897
348	911
348	915
349	101
349	163
349	208
349	253
349	295
349	489
349	594
349	636
349	948
349	982
350	110
350	149
350	314
350	334
350	357
350	547
350	814
350	832
350	914
350	976
351	108
351	266
351	420
351	451
351	518
351	628
351	697
351	704
351	784
351	859
352	66
352	140
352	173
352	200
352	340
352	468
352	649
352	670
352	780
352	816
353	132
353	252
353	388
353	404
353	429
353	528
353	673
353	755
353	764
353	902
354	25
354	43
354	204
354	221
354	232
354	238
354	250
354	272
354	602
354	882
355	21
355	445
355	458
355	587
355	612
355	725
355	866
355	869
355	885
355	967
356	95
356	190
356	464
356	512
356	652
356	693
356	750
356	907
356	915
356	946
357	114
357	137
357	151
357	335
357	345
357	350
357	459
357	462
357	733
357	940
358	46
358	101
358	130
358	174
358	492
358	617
358	798
358	845
358	924
358	997
359	28
359	58
359	255
359	509
359	603
359	608
359	639
359	767
359	906
359	914
360	49
360	297
360	526
360	576
360	583
360	662
360	677
360	814
360	877
360	936
361	11
361	143
361	183
361	234
361	497
361	537
361	619
361	644
361	747
361	995
362	63
362	107
362	202
362	244
362	284
362	558
362	580
362	860
362	887
362	913
363	119
363	176
363	308
363	401
363	585
363	597
363	731
363	763
363	920
363	955
364	87
364	131
364	258
364	313
364	497
364	499
364	584
364	716
364	835
364	952
365	10
365	13
365	235
365	237
365	327
365	425
365	719
365	737
365	770
365	806
366	97
366	223
366	268
366	424
366	571
366	608
366	710
366	781
366	785
366	941
367	289
367	440
367	556
367	560
367	679
367	886
367	927
367	945
367	950
367	971
368	85
368	203
368	273
368	470
368	511
368	645
368	683
368	748
368	780
368	797
369	1
369	99
369	125
369	155
369	287
369	594
369	595
369	599
369	639
369	857
370	28
370	164
370	214
370	223
370	299
370	509
370	524
370	543
370	622
370	800
371	40
371	93
371	144
371	264
371	452
371	484
371	633
371	795
371	920
371	951
372	10
372	226
372	278
372	283
372	401
372	425
372	520
372	635
372	904
372	931
373	4
373	28
373	213
373	448
373	506
373	611
373	680
373	724
373	785
373	794
374	117
374	133
374	225
374	252
374	270
374	483
374	574
374	589
374	887
374	902
375	153
375	211
375	233
375	400
375	500
375	693
375	706
375	801
375	846
375	1000
376	82
376	90
376	219
376	741
376	817
376	831
376	833
376	888
376	892
376	893
377	129
377	133
377	253
377	266
377	434
377	587
377	860
377	866
377	951
377	961
378	25
378	66
378	238
378	246
378	300
378	315
378	467
378	578
378	827
378	892
379	4
379	141
379	281
379	303
379	317
379	517
379	665
379	702
379	839
379	914
380	129
380	133
380	449
380	475
380	505
380	538
380	580
380	697
380	810
380	951
381	22
381	239
381	344
381	588
381	658
381	686
381	708
381	765
381	780
381	871
382	144
382	146
382	176
382	191
382	197
382	286
382	591
382	596
382	762
382	974
383	155
383	240
383	271
383	437
383	586
383	625
383	639
383	786
383	846
383	942
384	39
384	99
384	308
384	495
384	595
384	696
384	846
384	942
384	948
384	983
385	40
385	109
385	203
385	229
385	242
385	340
385	468
385	579
385	748
385	917
386	26
386	70
386	99
386	135
386	228
386	245
386	304
386	489
386	639
386	806
387	9
387	18
387	47
387	167
387	215
387	584
387	785
387	802
387	945
387	982
388	230
388	353
388	446
388	447
388	678
388	796
388	823
388	964
388	978
388	979
389	338
389	348
389	533
389	600
389	666
389	787
389	826
389	834
389	881
389	899
390	252
390	483
390	505
390	612
390	628
390	641
390	755
390	771
390	778
390	816
391	83
391	122
391	215
391	218
391	397
391	444
391	545
391	775
391	886
391	963
392	16
392	38
392	66
392	100
392	204
392	298
392	299
392	877
392	882
392	919
393	7
393	17
393	157
393	168
393	201
393	341
393	400
393	660
393	754
393	801
394	330
394	411
394	537
394	572
394	584
394	665
394	705
394	775
394	821
394	884
395	195
395	214
395	317
395	499
395	620
395	634
395	740
395	781
395	800
395	912
396	61
396	178
396	189
396	233
396	295
396	345
396	474
396	693
396	819
396	889
397	107
397	152
397	158
397	181
397	185
397	313
397	391
397	556
397	570
397	716
398	6
398	72
398	293
398	309
398	468
398	470
398	515
398	736
398	871
398	966
399	93
399	144
399	279
399	327
399	659
399	663
399	730
399	753
399	792
399	901
400	189
400	240
400	253
400	340
400	375
400	393
400	414
400	786
400	830
400	857
401	21
401	144
401	207
401	363
401	372
401	635
401	770
401	862
401	910
401	956
402	267
402	322
402	403
402	415
402	489
402	496
402	510
402	691
402	857
402	929
403	1
403	105
403	135
403	402
403	407
403	455
403	474
403	488
403	489
403	983
404	63
404	104
404	107
404	244
404	271
404	353
404	449
404	518
404	561
404	574
405	225
405	284
405	429
405	538
405	671
405	673
405	703
405	803
405	887
405	960
406	6
406	173
406	229
406	408
406	470
406	476
406	653
406	658
406	937
406	1000
407	157
407	163
407	190
407	208
407	217
407	403
407	471
407	475
407	551
407	947
408	48
408	69
408	173
408	406
408	588
408	658
408	757
408	847
408	904
408	937
409	20
409	166
409	302
409	523
409	552
409	563
409	630
409	634
409	785
409	955
410	329
410	433
410	447
410	534
410	603
410	611
410	736
410	840
410	906
410	979
411	288
411	318
411	319
411	394
411	690
411	698
411	759
411	788
411	911
411	995
412	165
412	247
412	314
412	333
412	576
412	739
412	752
412	923
412	949
412	976
413	8
413	56
413	65
413	67
413	138
413	262
413	537
413	685
413	822
413	886
414	339
414	400
414	463
414	486
414	500
414	551
414	645
414	660
414	846
414	942
415	7
415	339
415	402
415	431
415	480
415	486
415	625
415	650
415	709
415	763
416	92
416	297
416	324
416	334
416	547
416	576
416	807
416	832
416	868
416	923
417	68
417	101
417	112
417	304
417	322
417	480
417	486
417	598
417	889
417	962
418	127
418	485
418	532
418	552
418	681
418	738
418	758
418	804
418	890
418	990
419	443
419	549
419	577
419	598
419	627
419	713
419	723
419	743
419	787
419	872
420	196
420	254
420	261
420	351
420	530
420	582
420	600
420	741
420	872
420	893
421	126
421	170
421	227
421	301
421	318
421	435
421	440
421	705
421	783
421	990
422	3
422	47
422	188
422	444
422	527
422	545
422	554
422	644
422	699
422	737
423	517
423	603
423	701
423	714
423	815
423	885
423	906
423	913
423	955
423	994
424	2
424	4
424	67
424	159
424	366
424	534
424	581
424	632
424	729
424	957
425	10
425	40
425	57
425	175
425	323
425	365
425	372
425	596
425	708
425	996
426	113
426	163
426	189
426	437
426	460
426	488
426	693
426	835
426	883
426	942
427	160
427	287
427	329
427	476
427	503
427	517
427	637
427	640
427	724
427	740
428	110
428	128
428	247
428	297
428	493
428	509
428	733
428	832
428	868
428	936
429	89
429	175
429	213
429	337
429	353
429	405
429	529
429	628
429	674
429	818
430	142
430	222
430	306
430	638
430	776
430	805
430	901
430	926
430	996
430	998
431	99
431	125
431	297
431	415
431	486
431	613
431	870
431	947
431	962
431	973
432	109
432	199
432	242
432	530
432	562
432	683
432	686
432	812
432	917
432	966
433	100
433	248
433	410
433	608
433	634
433	733
433	800
433	837
433	964
433	994
434	76
434	79
434	244
434	309
434	377
434	671
434	703
434	818
434	949
434	967
435	29
435	301
435	338
435	421
435	556
435	714
435	773
435	855
435	856
435	950
436	88
436	122
436	183
436	188
436	521
436	738
436	802
436	828
436	886
436	981
437	198
437	217
437	240
437	383
437	426
437	460
437	463
437	664
437	852
437	961
438	215
438	227
438	289
438	440
438	532
438	642
438	698
438	754
438	783
438	811
439	65
439	127
439	560
439	562
439	642
439	667
439	698
439	716
439	821
439	952
440	14
440	81
440	108
440	256
440	367
440	421
440	438
440	497
440	570
440	822
441	127
441	131
441	274
441	312
441	720
441	821
441	822
441	897
441	982
441	990
442	117
442	174
442	220
442	224
442	265
442	486
442	557
442	845
442	850
442	984
443	95
443	215
443	261
443	277
443	336
443	419
443	567
443	666
443	750
443	934
444	131
444	143
444	170
444	310
444	338
444	391
444	422
444	593
444	704
444	803
445	125
445	129
445	270
445	355
445	558
445	671
445	704
445	860
445	908
445	949
446	194
446	346
446	388
446	680
446	717
446	839
446	840
446	912
446	916
446	944
447	136
447	160
447	269
447	329
447	388
447	410
447	717
447	748
447	815
447	837
448	4
448	19
448	186
448	373
448	502
448	678
448	714
448	839
448	906
448	985
449	380
449	404
449	451
449	508
449	529
449	551
449	674
449	697
449	771
449	860
450	60
450	94
450	263
450	494
450	496
450	712
450	899
450	907
450	928
450	934
451	169
451	206
451	290
451	351
451	449
451	505
451	587
451	809
451	836
451	961
452	11
452	13
452	32
452	146
452	147
452	187
452	371
452	482
452	663
452	985
453	21
453	116
453	279
453	308
453	328
453	347
453	539
453	593
453	638
453	901
454	69
454	75
454	140
454	309
454	562
454	645
454	780
454	871
454	937
454	956
455	114
455	128
455	314
455	333
455	403
455	535
455	662
455	677
455	733
455	752
456	119
456	143
456	278
456	343
456	604
456	708
456	763
456	808
456	920
456	925
457	465
457	533
457	553
457	567
457	730
457	793
457	826
457	882
457	888
457	899
458	145
458	270
458	355
458	558
458	580
458	641
458	673
458	869
458	879
458	908
459	137
459	149
459	247
459	357
459	677
459	807
459	936
459	940
459	942
459	953
460	55
460	61
460	201
460	304
460	426
460	437
460	463
460	489
460	510
460	612
461	11
461	91
461	144
461	187
461	278
461	279
461	316
461	585
461	663
461	753
462	118
462	128
462	149
462	357
462	583
462	807
462	868
462	894
462	922
462	976
463	99
463	217
463	344
463	414
463	437
463	460
463	495
463	895
463	928
463	973
464	80
464	94
464	96
464	184
464	193
464	336
464	356
464	600
464	841
464	893
465	44
465	45
465	60
465	80
465	151
465	205
465	259
465	457
465	826
465	911
466	51
466	55
466	82
466	257
466	652
466	735
466	749
466	793
466	833
466	934
467	8
467	291
467	299
467	300
467	378
467	523
467	614
467	692
467	848
467	999
468	140
468	229
468	352
468	385
468	398
468	493
468	588
468	748
468	797
468	816
469	27
469	85
469	154
469	185
469	549
469	732
469	845
469	850
469	863
469	970
470	72
470	368
470	398
470	406
470	495
470	519
470	579
470	588
470	653
470	871
471	171
471	407
471	576
471	613
471	774
471	786
471	790
471	851
471	942
471	973
472	56
472	288
472	338
472	572
472	593
472	650
472	716
472	758
472	803
472	995
473	110
473	151
473	165
473	247
473	547
473	583
473	623
473	654
473	677
473	923
474	7
474	163
474	178
474	249
474	396
474	403
474	504
474	553
474	754
474	928
475	7
475	155
475	240
475	380
475	407
475	480
475	488
475	551
475	613
475	754
476	2
476	103
476	166
476	186
476	214
476	406
476	427
476	601
476	840
476	906
477	54
477	93
477	150
477	197
477	559
477	604
477	737
477	762
477	776
477	839
478	9
478	86
478	102
478	128
478	507
478	679
478	726
478	832
478	894
478	936
479	16
479	123
479	124
479	272
479	291
479	298
479	569
479	579
479	827
479	965
480	153
480	180
480	231
480	285
480	287
480	415
480	417
480	475
480	551
480	693
481	48
481	62
481	148
481	203
481	273
481	515
481	670
481	686
481	757
481	797
482	116
482	183
482	237
482	316
482	452
482	708
482	768
482	808
482	843
482	883
483	63
483	145
483	206
483	211
483	290
483	374
483	390
483	703
483	849
483	865
484	83
484	197
484	283
484	327
484	371
484	526
484	597
484	635
484	753
484	959
485	167
485	170
485	218
485	418
485	556
485	572
485	720
485	738
485	742
485	833
486	30
486	322
486	414
486	415
486	417
486	431
486	442
486	819
486	975
486	983
487	16
487	99
487	272
487	298
487	300
487	315
487	602
487	751
487	921
487	999
488	341
488	403
488	426
488	475
488	586
488	709
488	722
488	774
488	975
488	983
489	7
489	233
489	249
489	349
489	386
489	402
489	403
489	460
489	696
489	783
490	11
490	174
490	187
490	286
490	323
490	604
490	719
490	792
490	862
490	925
491	145
491	225
491	558
491	568
491	750
491	778
491	810
491	866
491	887
491	898
492	71
492	74
492	120
492	139
492	174
492	222
492	358
492	601
492	924
492	943
493	102
493	128
493	314
493	428
493	468
493	526
493	535
493	679
493	807
493	935
494	45
494	82
494	193
494	324
494	450
494	553
494	559
494	787
494	826
494	932
495	7
495	39
495	287
495	384
495	463
495	470
495	696
495	774
495	929
495	987
496	84
496	96
496	193
496	259
496	402
496	450
496	530
496	652
496	723
496	892
497	234
497	361
497	364
497	440
497	556
497	622
497	685
497	742
497	773
497	909
498	33
498	173
498	273
498	344
498	574
498	609
498	686
498	765
498	937
498	966
499	138
499	181
499	183
499	310
499	364
499	395
499	521
499	655
499	699
499	890
500	189
500	231
500	304
500	375
500	414
500	504
500	595
500	660
500	694
500	959
501	1
501	180
501	245
501	253
501	572
501	631
501	676
501	693
501	706
501	987
502	2
502	12
502	195
502	223
502	335
502	448
502	517
502	556
502	718
502	779
503	335
503	427
503	517
503	603
503	608
503	632
503	681
503	701
503	815
503	978
504	34
504	115
504	153
504	163
504	474
504	500
504	631
504	709
504	830
504	874
505	168
505	169
505	252
505	266
505	337
505	380
505	390
505	451
505	648
505	755
506	186
506	195
506	300
506	373
506	524
506	534
506	571
506	632
506	695
506	980
507	149
507	165
507	345
507	346
507	478
507	535
507	643
507	726
507	923
507	976
508	213
508	251
508	266
508	449
508	587
508	592
508	755
508	818
508	836
508	951
509	64
509	106
509	281
509	359
509	370
509	428
509	524
509	616
509	682
509	815
510	61
510	68
510	112
510	402
510	460
510	550
510	594
510	808
510	846
510	929
511	22
511	140
511	148
511	309
511	368
511	519
511	544
511	645
511	668
511	855
512	24
512	51
512	90
512	356
512	666
512	713
512	746
512	793
512	833
512	934
513	57
513	216
513	307
513	565
513	623
513	626
513	769
513	850
513	943
513	997
514	8
514	20
514	25
514	250
514	272
514	569
514	838
514	848
514	877
514	882
515	6
515	33
515	48
515	109
515	398
515	481
515	520
515	658
515	792
515	1000
516	11
516	62
516	347
516	539
516	586
516	756
516	770
516	843
516	867
516	883
517	379
517	423
517	427
517	502
517	503
517	620
517	724
517	740
517	782
517	823
518	132
518	225
518	332
518	351
518	404
518	695
518	755
518	869
518	885
518	969
519	22
519	111
519	344
519	470
519	511
519	544
519	645
519	670
519	757
519	956
520	203
520	229
520	241
520	309
520	372
520	515
520	649
520	937
520	966
520	992
521	65
521	67
521	152
521	436
521	499
521	607
521	644
521	696
521	738
521	804
522	30
522	41
522	57
522	98
522	161
522	647
522	732
522	734
522	777
522	858
523	23
523	36
523	124
523	232
523	298
523	409
523	467
523	615
523	751
523	829
524	31
524	230
524	370
524	506
524	509
524	537
524	563
524	618
524	724
524	900
525	27
525	117
525	162
525	305
525	327
525	557
525	626
525	651
525	777
525	841
526	149
526	360
526	484
526	493
526	583
526	643
526	726
526	739
526	894
526	976
527	56
527	127
527	143
527	212
527	338
527	422
527	560
527	572
527	619
527	814
528	63
528	104
528	290
528	337
528	353
528	561
528	673
528	697
528	746
528	952
529	79
529	107
529	108
529	132
529	429
529	449
529	561
529	900
529	960
529	967
530	44
530	82
530	190
530	277
530	420
530	432
530	496
530	881
530	892
530	907
531	15
531	19
531	187
531	688
531	763
531	808
531	874
531	883
531	931
531	996
532	152
532	321
532	418
532	438
532	685
532	747
532	775
532	844
532	876
532	950
533	29
533	60
533	90
533	221
533	261
533	389
533	457
533	582
533	666
533	946
534	134
534	141
534	192
534	410
534	424
534	506
534	552
534	630
534	749
534	767
535	92
535	334
535	345
535	455
535	493
535	507
535	588
535	662
535	726
535	868
536	136
536	186
536	608
536	682
536	710
536	767
536	796
536	900
536	977
536	993
537	87
537	122
537	215
537	313
537	361
537	394
537	413
537	524
537	971
537	990
538	89
538	226
538	270
538	337
538	380
538	405
538	771
538	902
538	960
538	961
539	13
539	339
539	453
539	516
539	559
539	614
539	633
539	675
539	805
539	920
540	5
540	23
540	43
540	241
540	246
540	315
540	669
540	820
540	827
540	838
541	130
541	154
541	305
541	707
541	711
541	715
541	766
541	769
541	777
541	902
542	118
542	214
542	296
542	311
542	718
542	729
542	861
542	914
542	978
542	993
543	159
543	160
543	230
543	255
543	346
543	370
543	616
543	666
543	794
543	989
544	35
544	72
544	133
544	200
544	340
544	511
544	519
544	649
544	736
544	812
545	47
545	81
545	87
545	313
545	391
545	422
545	606
545	644
545	685
545	872
546	96
546	221
546	243
546	566
546	577
546	627
546	743
546	854
546	892
546	946
547	77
547	137
547	163
547	285
547	334
547	350
547	416
547	473
547	564
547	583
548	57
548	154
548	209
548	276
548	305
548	321
548	735
548	880
548	958
548	970
549	222
549	265
549	419
549	469
549	573
549	623
549	728
549	734
549	777
549	943
550	30
550	61
550	73
550	153
550	155
550	510
550	650
550	684
550	774
550	975
551	55
551	189
551	260
551	295
551	407
551	414
551	449
551	475
551	480
551	948
552	20
552	223
552	409
552	418
552	534
552	610
552	702
552	717
552	740
552	993
553	90
553	126
553	261
553	457
553	474
553	494
553	627
553	723
553	741
553	750
554	65
554	127
554	152
554	288
554	422
554	578
554	690
554	705
554	760
554	971
555	176
555	328
555	592
555	617
555	768
555	795
555	874
555	925
555	933
555	974
556	181
556	367
556	397
556	435
556	485
556	497
556	502
556	605
556	791
556	828
557	52
557	442
557	525
557	623
557	707
557	711
557	744
557	777
557	925
557	943
558	213
558	362
558	445
558	458
558	491
558	589
558	836
558	849
558	888
558	902
559	116
559	235
559	323
559	477
559	494
559	539
559	596
559	659
559	916
559	925
560	227
560	273
560	367
560	439
560	527
560	591
560	681
560	799
560	952
560	971
561	79
561	169
561	271
561	404
561	528
561	529
561	568
561	628
561	764
561	899
562	72
562	173
562	241
562	432
562	439
562	454
562	649
562	670
562	686
562	757
563	31
563	136
563	164
563	409
563	524
563	608
563	671
563	779
563	900
563	914
564	92
564	102
564	128
564	149
564	162
564	292
564	547
564	583
564	643
564	752
565	74
565	222
565	321
565	513
565	573
565	617
565	637
565	647
565	728
565	984
566	36
566	44
566	45
566	80
566	126
566	336
566	348
566	546
566	872
566	939
567	24
567	45
567	82
567	326
567	443
567	457
567	627
567	743
567	787
567	831
568	89
568	129
568	134
568	491
568	561
568	628
568	755
568	849
568	859
568	951
569	5
569	201
569	238
569	246
569	272
569	479
569	514
569	820
569	965
569	999
570	14
570	138
570	154
570	262
570	397
570	440
570	591
570	605
570	681
570	890
571	329
571	366
571	506
571	618
571	695
571	702
571	710
571	800
571	878
571	931
572	29
572	67
572	310
572	394
572	472
572	485
572	501
572	527
572	789
572	886
573	162
573	189
573	307
573	549
573	565
573	626
573	715
573	850
573	943
573	968
574	202
574	206
574	374
574	404
574	498
574	580
574	641
574	674
574	818
574	849
575	33
575	71
575	139
575	220
575	282
575	689
575	798
575	850
575	981
575	984
576	92
576	151
576	360
576	412
576	416
576	471
576	662
576	894
576	953
576	976
577	177
577	419
577	546
577	598
577	600
577	652
577	750
577	787
577	844
577	939
578	25
578	124
578	298
578	378
578	554
578	687
578	820
578	919
578	921
578	999
579	33
579	109
579	216
579	273
579	340
579	385
579	470
579	479
579	879
579	941
580	145
580	202
580	362
580	380
580	458
580	574
580	819
580	949
580	951
580	960
581	248
581	424
581	618
581	622
581	632
581	672
581	688
581	729
581	914
581	979
582	45
582	184
582	294
582	420
582	533
582	735
582	745
582	888
582	892
582	899
583	49
583	325
583	360
583	462
583	473
583	526
583	547
583	564
583	743
583	772
584	158
584	310
584	364
584	387
584	394
584	591
584	607
584	629
584	802
584	915
585	93
585	150
585	197
585	286
585	308
585	363
585	461
585	843
585	906
585	998
586	68
586	75
586	178
586	383
586	488
586	516
586	613
586	684
586	806
586	889
587	244
587	270
587	355
587	377
587	451
587	508
587	778
587	865
587	902
587	978
588	22
588	72
588	381
588	408
588	468
588	470
588	535
588	736
588	757
588	853
589	107
589	145
589	168
589	206
589	266
589	374
589	558
589	697
589	865
589	946
590	120
590	215
590	218
590	234
590	258
590	619
590	629
590	657
590	720
590	909
591	67
591	382
591	560
591	570
591	584
591	607
591	759
591	811
591	828
591	909
592	147
592	179
592	278
592	283
592	316
592	328
592	508
592	555
592	614
592	675
593	18
593	167
593	338
593	444
593	453
593	472
593	685
593	788
593	828
593	876
594	30
594	163
594	228
594	349
594	369
594	510
594	646
594	650
594	967
594	987
595	135
595	198
595	249
595	369
595	384
595	500
595	625
595	709
595	731
595	754
596	42
596	116
596	140
596	146
596	279
596	382
596	425
596	559
596	862
596	938
597	320
597	322
597	363
597	484
597	648
597	688
597	700
597	925
597	931
597	991
598	96
598	277
598	324
598	417
598	419
598	577
598	735
598	743
598	892
598	911
599	50
599	264
599	369
599	614
599	648
599	688
599	700
599	719
599	770
599	904
600	82
600	96
600	126
600	389
600	420
600	464
600	577
600	652
600	718
600	831
601	103
601	159
601	219
601	476
601	492
601	718
601	724
601	761
601	954
601	980
602	16
602	32
602	66
602	293
602	354
602	487
602	659
602	751
602	820
602	877
603	59
603	64
603	232
603	248
603	359
603	410
603	423
603	503
603	861
603	878
604	7
604	207
604	456
604	477
604	490
604	719
604	762
604	768
604	916
604	931
605	87
605	111
605	556
605	570
605	788
605	862
605	890
605	927
605	950
605	952
606	14
606	143
606	218
606	545
606	629
606	685
606	717
606	738
606	842
606	952
607	14
607	87
607	143
607	521
607	584
607	591
607	665
607	761
607	789
607	963
608	20
608	359
608	366
608	433
608	503
608	536
608	563
608	966
608	978
608	994
609	72
609	208
609	242
609	309
609	498
609	645
609	765
609	780
609	816
609	879
610	58
610	78
610	329
610	348
610	552
610	729
610	837
610	896
610	955
610	964
611	28
611	64
611	112
611	373
611	410
611	622
611	718
611	724
611	955
611	994
612	79
612	145
612	284
612	355
612	390
612	460
612	704
612	859
612	949
612	960
613	38
613	322
613	330
613	431
613	471
613	475
613	586
613	650
613	854
613	975
614	15
614	147
614	316
614	467
614	539
614	592
614	599
614	633
614	708
614	873
615	5
615	25
615	36
615	123
615	204
615	238
615	523
615	692
615	751
615	774
616	18
616	121
616	134
616	186
616	509
616	543
616	640
616	717
616	903
616	979
617	209
617	305
617	307
617	358
617	555
617	565
617	715
617	728
617	845
617	981
618	160
618	302
618	524
618	571
618	581
618	676
618	767
618	794
618	913
618	989
619	3
619	93
619	158
619	361
619	527
619	590
619	690
619	699
619	720
619	758
620	248
620	251
620	395
620	517
620	622
620	640
620	724
620	794
620	913
620	989
621	43
621	70
621	182
621	204
621	280
621	300
621	709
621	848
621	921
621	972
622	28
622	172
622	192
622	370
622	497
622	581
622	611
622	620
622	782
622	957
623	473
623	513
623	549
623	557
623	626
623	727
623	863
623	880
623	958
623	970
624	173
624	182
624	238
624	246
624	250
624	280
624	299
624	829
624	838
624	919
625	17
625	115
625	178
625	231
625	276
625	383
625	415
625	595
625	819
625	825
626	52
626	98
626	298
626	513
626	525
626	573
626	623
626	734
626	744
626	864
627	45
627	184
627	348
627	419
627	546
627	553
627	567
627	716
627	888
627	930
628	89
628	104
628	351
628	390
628	429
628	561
628	568
628	704
628	707
628	810
629	68
629	170
629	584
629	590
629	606
629	655
629	665
629	698
629	699
629	856
630	31
630	58
630	219
630	268
630	409
630	534
630	729
630	815
630	832
630	903
631	101
631	125
631	231
631	330
631	341
631	501
631	504
631	696
631	710
631	852
632	48
632	121
632	166
632	424
632	503
632	506
632	581
632	672
632	815
632	994
633	242
633	371
633	539
633	614
633	659
633	719
633	805
633	809
633	901
633	904
634	58
634	78
634	281
634	395
634	409
634	433
634	642
634	718
634	891
634	980
635	42
635	283
635	320
635	343
635	372
635	401
635	484
635	674
635	808
635	874
636	1
636	55
636	208
636	245
636	349
636	650
636	664
636	691
636	801
636	881
637	159
637	302
637	335
637	427
637	565
637	761
637	891
637	944
637	979
637	986
638	175
638	283
638	316
638	430
638	453
638	664
638	688
638	916
638	920
638	926
639	101
639	112
639	208
639	359
639	369
639	383
639	386
639	691
639	870
639	929
640	92
640	159
640	223
640	296
640	427
640	616
640	620
640	724
640	781
640	891
641	63
641	129
641	206
641	252
641	390
641	458
641	574
641	668
641	704
641	887
642	227
642	438
642	439
642	634
642	655
642	667
642	699
642	705
642	802
642	982
643	128
643	149
643	151
643	328
643	334
643	507
643	526
643	564
643	726
643	923
644	80
644	318
644	319
644	361
644	422
644	521
644	545
644	799
644	856
644	971
645	22
645	33
645	344
645	368
645	414
645	454
645	511
645	519
645	609
645	812
646	180
646	189
646	208
646	275
646	341
646	594
646	656
646	786
646	875
646	929
647	57
647	154
647	263
647	342
647	522
647	565
647	651
647	689
647	727
647	766
648	144
648	286
648	323
648	505
648	597
648	599
648	753
648	867
648	873
648	933
649	239
649	242
649	244
649	352
649	520
649	544
649	562
649	653
649	992
649	1000
650	287
650	415
650	472
650	550
650	594
650	613
650	636
650	819
650	830
650	835
651	174
651	209
651	342
651	525
651	647
651	766
651	781
651	924
651	981
651	997
652	51
652	90
652	177
652	356
652	466
652	496
652	577
652	600
652	939
652	991
653	6
653	33
653	35
653	200
653	406
653	470
653	649
653	847
653	871
653	939
654	86
654	110
654	333
654	345
654	473
654	679
654	729
654	772
654	832
654	923
655	14
655	61
655	88
655	499
655	629
655	642
655	758
655	844
655	990
655	995
656	75
656	136
656	171
656	217
656	260
656	646
656	694
656	706
656	790
656	801
657	17
657	47
657	183
657	313
657	318
657	590
657	685
657	783
657	811
657	813
658	199
658	248
658	381
658	406
658	408
658	515
658	670
658	765
658	853
658	917
659	50
659	278
659	283
659	399
659	559
659	602
659	633
659	731
659	737
659	792
660	189
660	287
660	393
660	414
660	500
660	691
660	696
660	889
660	890
660	895
661	90
661	126
661	254
661	259
661	336
661	735
661	749
661	784
661	897
661	907
662	25
662	137
662	292
662	360
662	455
662	535
662	576
662	739
662	752
662	772
663	83
663	138
663	226
663	283
663	308
663	399
663	452
663	461
663	763
663	873
664	17
664	153
664	295
664	437
664	636
664	638
664	801
664	824
664	889
664	928
665	379
665	394
665	607
665	629
665	720
665	742
665	775
665	789
665	842
665	884
666	177
666	196
666	221
666	389
666	443
666	512
666	533
666	543
666	749
666	872
667	9
667	64
667	81
667	188
667	288
667	439
667	642
667	681
667	811
667	821
668	216
668	344
668	511
668	641
668	686
668	748
668	847
668	937
668	956
668	992
669	38
669	43
669	298
669	315
669	316
669	540
669	751
669	877
669	882
669	972
670	22
670	230
670	352
670	481
670	519
670	562
670	658
670	683
670	797
670	1000
671	270
671	284
671	405
671	434
671	445
671	563
671	673
671	866
671	869
671	902
672	4
672	19
672	64
672	81
672	134
672	329
672	581
672	632
672	718
672	989
673	145
673	332
673	353
673	405
673	458
673	528
673	671
673	810
673	836
673	891
674	104
674	169
674	266
674	429
674	449
674	574
674	635
674	746
674	778
674	960
675	53
675	226
675	306
675	316
675	343
675	347
675	539
675	592
675	768
675	792
676	17
676	125
676	180
676	231
676	501
676	618
676	830
676	851
676	889
676	977
677	114
677	128
677	165
677	325
677	360
677	455
677	459
677	473
677	758
677	832
678	28
678	255
678	269
678	388
678	448
678	695
678	781
678	861
678	896
678	960
679	77
679	86
679	325
679	367
679	478
679	493
679	654
679	739
679	936
679	953
680	5
680	28
680	31
680	58
680	59
680	100
680	373
680	446
680	906
680	964
681	88
681	111
681	127
681	301
681	418
681	503
681	560
681	570
681	667
681	791
682	19
682	87
682	118
682	172
682	303
682	509
682	536
682	782
682	903
682	955
683	6
683	22
683	72
683	203
683	241
683	368
683	432
683	670
683	797
683	818
684	17
684	75
684	157
684	178
684	208
684	211
684	550
684	586
684	854
684	863
685	79
685	413
685	497
685	532
685	545
685	593
685	606
685	657
685	690
685	963
686	148
686	165
686	239
686	381
686	432
686	481
686	498
686	562
686	668
686	736
687	43
687	203
687	210
687	246
687	291
687	578
687	692
687	820
687	848
687	882
688	54
688	119
688	237
688	286
688	531
688	581
688	597
688	599
688	638
688	762
689	71
689	305
689	575
689	647
689	711
689	864
689	875
689	880
689	930
689	958
690	81
690	88
690	156
690	178
690	215
690	411
690	554
690	619
690	685
690	927
691	7
691	26
691	99
691	112
691	402
691	636
691	639
691	660
691	823
691	824
692	38
692	182
692	280
692	300
692	467
692	615
692	687
692	827
692	840
692	972
693	26
693	245
693	249
693	356
693	375
693	396
693	426
693	480
693	501
693	825
694	68
694	105
694	180
694	247
694	500
694	656
694	835
694	928
694	962
694	977
695	19
695	78
695	269
695	329
695	506
695	518
695	571
695	678
695	782
695	980
696	26
696	198
696	330
696	384
696	489
696	495
696	521
696	631
696	660
696	889
697	213
697	255
697	290
697	351
697	380
697	449
697	528
697	589
697	865
697	908
698	67
698	312
698	411
698	438
698	439
698	629
698	738
698	742
698	775
698	943
699	29
699	225
699	227
699	310
699	422
699	499
699	619
699	629
699	642
699	982
700	21
700	40
700	142
700	146
700	227
700	597
700	599
700	883
700	985
700	998
701	103
701	164
701	230
701	268
701	423
701	503
701	714
701	741
701	761
701	912
702	186
702	269
702	303
702	379
702	552
702	571
702	717
702	830
702	955
702	986
703	76
703	79
703	184
703	252
703	290
703	405
703	434
703	483
703	810
703	887
704	79
704	132
704	351
704	444
704	445
704	612
704	628
704	641
704	810
704	961
705	29
705	131
705	302
705	394
705	421
705	554
705	642
705	876
705	950
705	990
706	49
706	101
706	375
706	501
706	656
706	774
706	801
706	825
706	948
706	975
707	46
707	117
707	236
707	541
707	557
707	628
707	744
707	845
707	968
707	981
708	83
708	381
708	425
708	456
708	482
708	614
708	809
708	901
708	938
708	991
709	115
709	415
709	488
709	504
709	595
709	621
709	806
709	825
709	854
709	870
710	2
710	97
710	121
710	194
710	366
710	536
710	571
710	631
710	839
710	891
711	57
711	69
711	74
711	321
711	541
711	557
711	689
711	858
711	875
711	958
712	91
712	95
712	257
712	275
712	294
712	450
712	741
712	743
712	787
712	911
713	126
713	205
713	221
713	261
713	419
713	512
713	743
713	813
713	911
713	915
714	78
714	281
714	302
714	423
714	435
714	448
714	701
714	800
714	891
714	954
715	27
715	45
715	52
715	71
715	541
715	573
715	617
715	863
715	875
715	984
716	262
716	312
716	364
716	397
716	439
716	472
716	627
716	773
716	886
716	963
717	78
717	164
717	194
717	296
717	446
717	447
717	552
717	606
717	616
717	702
718	103
718	121
718	502
718	542
718	600
718	601
718	611
718	634
718	672
718	796
719	11
719	98
719	146
719	365
719	490
719	599
719	604
719	633
719	731
719	938
720	46
720	185
720	441
720	485
720	590
720	619
720	665
720	773
720	789
720	952
721	168
721	197
721	337
721	764
721	771
721	784
721	860
721	866
721	898
721	949
722	111
722	181
722	185
722	212
722	258
722	301
722	318
722	488
722	842
722	884
723	177
723	259
723	419
723	496
723	553
723	743
723	817
723	833
723	884
723	888
724	31
724	373
724	427
724	517
724	524
724	601
724	611
724	620
724	640
724	848
725	89
725	355
725	764
725	778
725	849
725	865
725	887
725	908
725	949
725	995
726	297
726	314
726	333
726	478
726	507
726	526
726	535
726	643
726	727
726	772
727	71
727	220
727	321
727	342
727	623
727	647
727	726
727	845
727	880
727	988
728	120
728	265
728	276
728	549
728	565
728	617
728	744
728	865
728	924
728	968
729	2
729	118
729	303
729	424
729	542
729	581
729	610
729	630
729	654
729	993
730	44
730	60
730	82
730	84
730	96
730	190
730	205
730	399
730	457
730	893
731	207
731	363
731	595
731	659
731	719
731	737
731	843
731	867
731	985
731	996
732	130
732	139
732	224
732	326
732	336
732	469
732	522
732	777
732	798
732	968
733	92
733	114
733	247
733	285
733	357
733	428
733	433
733	455
733	807
733	868
734	41
734	73
734	161
734	326
734	522
734	549
734	626
734	765
734	777
734	958
735	196
735	294
735	466
735	548
735	582
735	598
735	661
735	833
735	888
735	930
736	33
736	216
736	344
736	398
736	410
736	544
736	588
736	686
736	956
736	992
737	62
737	146
737	286
737	365
737	422
737	477
737	659
737	731
737	805
737	883
738	82
738	312
738	319
738	418
738	436
738	485
738	521
738	606
738	698
738	876
739	49
739	151
739	292
739	313
739	334
739	412
739	526
739	662
739	679
739	976
740	166
740	219
740	248
740	395
740	427
740	517
740	552
740	797
740	954
740	964
741	24
741	190
741	193
741	263
741	376
741	420
741	553
741	701
741	712
741	834
742	9
742	188
742	278
742	485
742	497
742	665
742	698
742	791
742	822
742	844
743	45
743	205
743	419
743	546
743	567
743	583
743	598
743	712
743	713
743	723
744	74
744	102
744	220
744	222
744	557
744	626
744	707
744	728
744	769
744	880
745	18
745	256
745	288
745	289
745	582
745	789
745	791
745	803
745	927
745	990
746	129
746	132
746	168
746	244
746	332
746	512
746	528
746	674
746	818
746	859
747	18
747	42
747	88
747	158
747	170
747	289
747	361
747	532
747	759
747	791
748	140
748	242
748	368
748	385
748	447
748	468
748	668
748	956
748	966
748	1000
749	51
749	263
749	336
749	466
749	534
749	661
749	666
749	831
749	881
749	911
750	190
750	257
750	356
750	443
750	491
750	553
750	577
750	831
750	833
750	899
751	5
751	25
751	70
751	232
751	487
751	523
751	602
751	615
751	669
751	965
752	102
752	198
752	247
752	285
752	325
752	333
752	412
752	455
752	564
752	662
753	179
753	191
753	399
753	461
753	484
753	648
753	901
753	910
753	964
753	974
754	26
754	30
754	99
754	115
754	393
754	438
754	474
754	475
754	595
754	835
755	206
755	270
755	353
755	390
755	505
755	508
755	518
755	568
755	764
755	807
756	13
756	21
756	179
756	186
756	226
756	237
756	286
756	516
756	776
756	843
757	131
757	408
757	481
757	519
757	562
757	588
757	797
757	847
757	917
757	941
758	143
758	156
758	167
758	188
758	418
758	472
758	619
758	655
758	677
758	788
759	18
759	103
759	185
759	411
759	591
759	747
759	855
759	856
759	945
759	963
760	56
760	181
760	185
760	215
760	258
760	313
760	554
760	852
760	927
760	950
761	37
761	103
761	106
761	160
761	268
761	601
761	607
761	637
761	701
761	779
762	40
762	97
762	306
762	382
762	477
762	604
762	688
762	770
762	916
762	959
763	13
763	50
763	323
763	328
763	363
763	415
763	456
763	531
763	663
763	996
764	213
764	251
764	268
764	353
764	561
764	721
764	725
764	755
764	784
764	836
765	344
765	381
765	498
765	609
765	658
765	734
765	812
765	816
765	879
765	956
766	41
766	58
766	74
766	276
766	305
766	541
766	647
766	651
766	970
766	988
767	37
767	97
767	172
767	266
767	359
767	534
767	536
767	618
767	878
767	900
768	90
768	119
768	150
768	347
768	482
768	555
768	604
768	675
768	933
768	938
769	209
769	282
769	305
769	513
769	541
769	744
769	841
769	845
769	851
769	981
770	21
770	166
770	365
770	401
770	516
770	599
770	762
770	808
770	809
770	926
771	213
771	225
771	244
771	251
771	270
771	347
771	390
771	449
771	538
771	721
772	102
772	114
772	210
772	292
772	583
772	654
772	662
772	726
772	922
772	953
773	87
773	156
773	218
773	435
773	497
773	716
773	720
773	918
773	971
773	996
774	112
774	471
774	488
774	495
774	550
774	615
774	706
774	928
774	947
774	948
775	152
775	218
775	292
775	391
775	394
775	532
775	665
775	698
775	971
775	990
776	21
776	270
776	286
776	430
776	477
776	756
776	808
776	862
776	901
776	920
777	52
777	522
777	525
777	541
777	549
777	557
777	732
777	734
777	798
777	937
778	104
778	132
778	142
778	284
778	390
778	491
778	587
778	674
778	725
778	860
779	64
779	118
779	195
779	346
779	502
779	563
779	761
779	796
779	821
779	837
780	33
780	191
780	273
780	352
780	368
780	381
780	454
780	609
780	956
780	992
781	19
781	97
781	118
781	160
781	366
781	395
781	640
781	651
781	678
781	914
782	134
782	194
782	214
782	517
782	622
782	682
782	695
782	799
782	878
782	891
783	3
783	158
783	256
783	319
783	421
783	438
783	489
783	657
783	799
783	828
784	76
784	252
784	271
784	337
784	351
784	661
784	721
784	764
784	818
784	949
785	100
785	121
785	192
785	302
785	366
785	373
785	387
785	409
785	912
785	914
786	55
786	61
786	144
786	253
786	330
786	383
786	400
786	471
786	646
786	983
787	80
787	205
787	259
787	389
787	419
787	494
787	567
787	577
787	712
787	844
788	167
788	254
788	256
788	301
788	338
788	411
788	593
788	605
788	758
788	804
789	15
789	29
789	167
789	572
789	607
789	665
789	720
789	745
789	828
789	952
790	34
790	113
790	125
790	155
790	211
790	471
790	656
790	819
790	910
790	942
791	56
791	313
791	556
791	681
791	742
791	745
791	747
791	842
791	845
791	884
792	15
792	237
792	320
792	399
792	490
792	515
792	659
792	675
792	883
792	916
793	24
793	51
793	94
793	145
793	324
793	457
793	466
793	512
793	817
793	939
794	103
794	136
794	303
794	373
794	543
794	618
794	620
794	800
794	805
794	896
795	54
795	62
795	175
795	235
795	257
795	264
795	371
795	555
795	809
795	991
796	64
796	103
796	259
796	388
796	536
796	718
796	779
796	815
796	839
796	989
797	199
797	229
797	368
797	468
797	481
797	670
797	683
797	740
797	757
797	816
798	57
798	73
798	119
798	282
798	358
798	575
798	732
798	777
798	864
798	905
799	183
799	258
799	313
799	560
799	644
799	782
799	783
799	828
799	855
799	963
800	2
800	268
800	331
800	370
800	395
800	433
800	571
800	714
800	794
800	823
801	34
801	245
801	306
801	339
801	375
801	393
801	636
801	656
801	664
801	706
802	167
802	183
802	227
802	387
802	436
802	584
802	642
802	836
802	856
802	995
803	88
803	152
803	301
803	405
803	444
803	472
803	745
803	842
803	855
803	909
804	156
804	418
804	521
804	788
804	813
804	822
804	889
804	945
804	982
804	990
805	83
805	146
805	237
805	430
805	539
805	633
805	737
805	794
805	910
805	998
806	105
806	365
806	386
806	586
806	709
806	835
806	870
806	947
806	973
806	983
807	247
807	345
807	416
807	459
807	462
807	493
807	733
807	755
807	922
807	953
808	150
808	456
808	482
808	510
808	531
808	635
808	770
808	776
808	862
808	991
809	10
809	197
809	207
809	451
809	633
809	708
809	770
809	795
809	910
809	931
810	380
810	491
810	628
810	673
810	703
810	704
810	828
810	865
810	951
810	961
811	29
811	116
811	143
811	185
811	289
811	312
811	438
811	591
811	657
811	667
812	35
812	69
812	309
812	329
812	432
812	544
812	645
812	765
812	966
812	992
813	65
813	138
813	318
813	319
813	657
813	713
813	804
813	844
813	876
813	927
814	49
814	102
814	110
814	285
814	350
814	360
814	527
814	935
814	940
814	953
815	329
815	423
815	447
815	503
815	509
815	630
815	632
815	796
815	896
815	938
816	35
816	109
816	203
816	344
816	352
816	390
816	468
816	609
816	765
816	797
817	94
817	177
817	190
817	202
817	254
817	376
817	723
817	793
817	834
817	888
818	76
818	213
818	429
818	434
818	508
818	574
818	683
818	746
818	784
818	869
819	163
819	217
819	396
819	486
819	580
819	625
819	650
819	790
819	851
819	987
820	70
820	210
820	331
820	540
820	569
820	578
820	602
820	687
820	917
820	972
821	138
821	234
821	289
821	318
821	394
821	439
821	441
821	667
821	779
821	945
822	67
822	122
822	135
822	413
822	440
822	441
822	742
822	804
822	876
822	909
823	141
823	172
823	255
823	317
823	388
823	517
823	691
823	800
823	914
823	944
824	53
824	155
824	163
824	228
824	245
824	664
824	691
824	829
824	928
824	975
825	17
825	105
825	281
825	625
825	693
825	706
825	709
825	852
825	857
825	948
826	90
826	126
826	184
826	196
826	206
826	389
826	457
826	465
826	494
826	932
827	36
827	38
827	124
827	224
827	272
827	378
827	479
827	540
827	692
827	829
828	14
828	212
828	436
828	556
828	591
828	593
828	783
828	789
828	799
828	810
829	23
829	182
829	280
829	331
829	523
829	624
829	824
829	827
829	838
829	999
830	53
830	105
830	155
830	249
830	400
830	504
830	650
830	676
830	702
830	983
831	158
831	221
831	259
831	376
831	567
831	600
831	749
831	750
831	930
831	932
832	345
832	350
832	416
832	428
832	478
832	630
832	654
832	677
832	894
832	922
833	24
833	294
833	376
833	466
833	485
833	512
833	723
833	735
833	750
833	888
834	91
834	205
834	235
834	243
834	261
834	389
834	741
834	817
834	881
834	897
835	53
835	155
835	198
835	364
835	426
835	650
835	694
835	754
835	806
835	983
836	169
836	251
836	451
836	508
836	558
836	673
836	764
836	802
836	960
836	967
837	12
837	37
837	43
837	269
837	433
837	447
837	610
837	779
837	964
837	994
838	25
838	124
838	152
838	280
838	315
838	331
838	514
838	540
838	624
838	829
839	20
839	296
839	379
839	446
839	448
839	477
839	710
839	796
839	912
839	986
840	192
840	214
840	281
840	346
840	410
840	446
840	476
840	692
840	944
840	957
841	71
841	98
841	162
841	174
841	224
841	464
841	525
841	769
841	880
841	958
842	3
842	312
842	606
842	665
842	722
842	791
842	803
842	843
842	890
842	950
843	10
843	197
843	235
843	328
843	482
843	516
843	585
843	731
843	756
843	842
844	14
844	127
844	181
844	532
844	577
844	655
844	742
844	787
844	813
844	918
845	57
845	85
845	358
845	442
845	469
845	617
845	707
845	727
845	769
845	791
846	94
846	198
846	339
846	341
846	375
846	383
846	384
846	414
846	510
846	962
847	148
847	216
847	231
847	408
847	653
847	668
847	757
847	853
847	871
847	937
848	123
848	232
848	291
848	467
848	514
848	621
848	687
848	724
848	882
848	919
849	47
849	169
849	225
849	483
849	558
849	568
849	574
849	725
849	885
849	951
850	85
850	98
850	104
850	139
850	442
850	469
850	513
850	573
850	575
850	875
851	53
851	115
851	171
851	211
851	339
851	471
851	676
851	769
851	819
851	895
852	228
852	253
852	260
852	330
852	437
852	631
852	760
852	825
852	977
852	987
853	122
853	140
853	148
853	199
853	239
853	588
853	658
853	847
853	917
853	966
854	7
854	55
854	201
854	322
854	546
854	613
854	684
854	709
854	857
854	928
855	9
855	29
855	56
855	170
855	258
855	435
855	511
855	759
855	799
855	803
856	56
856	65
856	111
856	164
856	256
856	435
856	629
856	644
856	759
856	802
857	1
857	34
857	287
857	322
857	369
857	400
857	402
857	825
857	854
857	894
858	71
858	74
858	159
858	174
858	276
858	307
858	522
858	711
858	863
858	880
859	104
859	133
859	202
859	271
859	351
859	568
859	612
859	746
859	878
859	898
860	104
860	115
860	271
860	284
860	362
860	377
860	445
860	449
860	721
860	778
861	2
861	248
861	256
861	296
861	542
861	603
861	678
861	912
861	944
861	994
862	50
862	327
862	328
862	401
862	490
862	596
862	605
862	776
862	808
862	910
863	130
863	220
863	276
863	469
863	623
863	684
863	715
863	858
863	875
863	968
864	120
864	162
864	170
864	174
864	220
864	224
864	305
864	626
864	689
864	798
865	89
865	332
865	337
865	483
865	587
865	589
865	697
865	725
865	728
865	810
866	108
866	132
866	168
866	213
866	355
866	377
866	491
866	671
866	721
866	990
867	147
867	175
867	200
867	279
867	306
867	328
867	516
867	648
867	731
867	925
868	86
868	165
868	228
868	416
868	428
868	462
868	535
868	733
868	935
868	940
869	149
869	168
869	225
869	355
869	458
869	518
869	671
869	818
869	898
869	967
870	105
870	112
870	240
870	253
870	341
870	343
870	431
870	639
870	709
870	806
871	6
871	140
871	241
871	323
871	381
871	398
871	454
871	470
871	653
871	847
872	419
872	420
872	545
872	566
872	666
872	881
872	897
872	911
872	934
872	946
873	15
873	42
873	157
873	278
873	306
873	327
873	614
873	648
873	663
873	916
874	179
874	306
874	308
874	504
874	531
874	555
874	635
874	883
874	920
874	933
875	27
875	154
875	646
875	689
875	711
875	715
875	850
875	863
875	905
875	997
876	67
876	111
876	176
876	532
876	593
876	705
876	738
876	813
876	822
876	945
877	5
877	23
877	210
877	250
877	298
877	360
877	392
877	514
877	602
877	669
878	12
878	186
878	194
878	346
878	571
878	603
878	767
878	782
878	859
878	954
879	48
879	69
879	109
879	199
879	344
879	458
879	579
879	609
879	765
879	941
880	141
880	174
880	321
880	548
880	623
880	689
880	727
880	744
880	841
880	858
881	24
881	80
881	257
881	389
881	530
881	636
881	749
881	834
881	872
881	915
882	280
882	331
882	354
882	392
882	457
882	514
882	669
882	687
882	848
882	919
883	54
883	187
883	426
883	482
883	516
883	531
883	700
883	737
883	792
883	874
884	111
884	256
884	262
884	310
884	394
884	665
884	722
884	723
884	791
884	909
885	63
885	225
885	251
885	355
885	423
885	518
885	849
885	898
885	967
885	969
886	2
886	131
886	274
886	367
886	391
886	413
886	436
886	572
886	716
886	963
887	266
887	362
887	374
887	405
887	491
887	641
887	703
887	725
887	908
887	962
888	91
888	376
888	457
888	558
888	582
888	627
888	723
888	735
888	817
888	833
889	26
889	231
889	396
889	417
889	586
889	660
889	664
889	676
889	696
889	804
890	3
890	18
890	262
890	418
890	499
890	570
890	605
890	660
890	842
890	918
891	121
891	164
891	255
891	634
891	637
891	640
891	673
891	710
891	714
891	782
892	254
892	277
892	376
892	378
892	496
892	530
892	546
892	582
892	598
892	899
893	82
893	94
893	184
893	254
893	376
893	420
893	464
893	730
893	922
893	946
894	137
894	165
894	297
894	325
894	462
894	478
894	526
894	576
894	832
894	857
895	135
895	171
895	180
895	267
895	287
895	463
895	660
895	851
895	942
895	999
896	31
896	37
896	171
896	610
896	678
896	794
896	815
896	900
896	906
896	986
897	126
897	221
897	263
897	348
897	441
897	661
897	834
897	872
897	930
897	932
898	71
898	107
898	251
898	332
898	491
898	721
898	859
898	869
898	885
898	902
899	277
899	294
899	336
899	389
899	450
899	457
899	561
899	582
899	750
899	892
900	78
900	97
900	100
900	106
900	524
900	529
900	536
900	563
900	767
900	896
901	40
901	179
901	272
901	399
901	430
901	453
901	633
901	708
901	753
901	776
902	252
902	353
902	374
902	538
902	541
902	558
902	587
902	671
902	898
902	961
903	97
903	106
903	239
903	616
903	630
903	682
903	914
903	964
903	979
903	980
904	279
904	323
904	372
904	408
904	599
904	633
904	938
904	985
904	996
904	998
905	52
905	73
905	98
905	117
905	130
905	243
905	798
905	875
905	984
905	997
906	359
906	410
906	423
906	448
906	476
906	585
906	680
906	896
906	912
906	980
907	24
907	95
907	177
907	187
907	196
907	243
907	356
907	450
907	530
907	661
908	108
908	129
908	168
908	206
908	445
908	458
908	697
908	725
908	887
908	989
909	122
909	152
909	169
909	183
909	497
909	590
909	591
909	803
909	822
909	884
910	11
910	142
910	401
910	753
910	790
910	805
910	809
910	862
910	931
910	991
911	44
911	221
911	348
911	411
911	465
911	598
911	712
911	713
911	749
911	872
912	37
912	246
912	395
912	446
912	701
912	785
912	839
912	861
912	906
912	957
913	20
913	172
913	223
913	230
913	248
913	302
913	362
913	423
913	618
913	620
914	350
914	359
914	379
914	542
914	563
914	581
914	781
914	785
914	823
914	903
915	80
915	177
915	259
915	263
915	348
915	356
915	584
915	713
915	881
915	939
916	191
916	235
916	343
916	446
916	559
916	604
916	638
916	762
916	792
916	873
917	48
917	199
917	340
917	385
917	432
917	658
917	757
917	820
917	853
917	992
918	29
918	47
918	84
918	122
918	138
918	170
918	318
918	773
918	844
918	890
919	36
919	124
919	182
919	249
919	272
919	392
919	578
919	624
919	848
919	882
920	3
920	327
920	363
920	371
920	456
920	539
920	638
920	776
920	874
920	926
921	8
921	38
921	181
921	204
921	246
921	315
921	487
921	578
921	621
921	965
922	92
922	151
922	292
922	325
922	333
922	462
922	772
922	807
922	832
922	893
923	149
923	240
923	247
923	325
923	412
923	416
923	473
923	507
923	643
923	654
924	57
924	114
924	162
924	236
924	358
924	492
924	651
924	728
924	943
924	958
925	13
925	142
925	327
925	456
925	490
925	555
925	557
925	559
925	597
925	867
926	54
926	155
926	191
926	207
926	226
926	278
926	430
926	638
926	770
926	920
927	47
927	87
927	122
927	233
927	367
927	605
927	690
927	745
927	760
927	813
928	201
928	304
928	450
928	463
928	474
928	664
928	694
928	774
928	824
928	854
929	75
929	155
929	212
929	330
929	402
929	495
929	510
929	639
929	646
929	962
930	193
930	205
930	257
930	627
930	689
930	735
930	831
930	897
930	934
930	939
931	175
931	372
931	531
931	571
931	597
931	604
931	809
931	910
931	933
931	959
932	44
932	147
932	177
932	190
932	494
932	826
932	831
932	897
932	934
932	939
933	15
933	42
933	62
933	328
933	555
933	648
933	768
933	874
933	931
933	980
934	90
934	94
934	443
934	450
934	466
934	512
934	872
934	930
934	932
934	944
935	86
935	102
935	137
935	151
935	217
935	345
935	493
935	814
935	868
935	936
936	114
936	151
936	342
936	360
936	428
936	459
936	478
936	679
936	935
936	940
937	35
937	199
937	406
937	408
937	454
937	498
937	520
937	668
937	777
937	847
938	150
938	197
938	347
938	596
938	708
938	719
938	768
938	815
938	904
938	998
939	60
939	84
939	566
939	577
939	652
939	653
939	793
939	915
939	930
939	932
940	31
940	110
940	151
940	333
940	357
940	459
940	814
940	868
940	936
940	953
941	140
941	148
941	229
941	273
941	309
941	366
941	579
941	757
941	879
941	1000
942	157
942	198
942	383
942	384
942	414
942	426
942	459
942	471
942	790
942	895
943	73
943	117
943	492
943	513
943	549
943	557
943	573
943	698
943	924
943	970
944	20
944	59
944	268
944	446
944	637
944	823
944	840
944	861
944	934
944	954
945	14
945	170
945	261
945	274
945	367
945	387
945	759
945	804
945	821
945	876
946	84
946	259
946	277
946	324
946	356
946	533
946	546
946	589
946	872
946	893
947	34
947	39
947	101
947	112
947	188
947	275
947	407
947	431
947	774
947	806
948	50
948	249
948	267
948	275
948	349
948	384
948	551
948	706
948	774
948	825
949	271
949	337
949	412
949	434
949	445
949	580
949	612
949	721
949	725
949	784
950	65
950	109
950	289
950	367
950	435
950	532
950	605
950	705
950	760
950	842
951	89
951	290
951	371
951	377
951	380
951	508
951	568
951	580
951	810
951	849
952	131
952	288
952	364
952	439
952	528
952	560
952	605
952	606
952	720
952	789
953	59
953	102
953	334
953	459
953	576
953	679
953	772
953	807
953	814
953	940
954	20
954	26
954	164
954	268
954	296
954	601
954	714
954	740
954	878
954	944
955	159
955	255
955	296
955	363
955	409
955	423
955	610
955	611
955	682
955	702
956	69
956	200
956	401
956	454
956	519
956	668
956	736
956	748
956	765
956	780
957	64
957	166
957	219
957	312
957	424
957	622
957	840
957	912
957	978
957	989
958	139
958	265
958	319
958	548
958	623
958	689
958	711
958	734
958	841
958	924
959	54
959	83
959	150
959	226
959	320
959	343
959	484
959	500
959	762
959	931
960	251
960	290
960	405
960	529
960	538
960	580
960	612
960	674
960	678
960	836
961	89
961	202
961	377
961	437
961	451
961	538
961	704
961	810
961	902
961	967
962	245
962	253
962	267
962	417
962	431
962	694
962	846
962	887
962	929
962	975
963	78
963	188
963	391
963	607
963	685
963	716
963	759
963	799
963	886
963	995
964	159
964	194
964	388
964	433
964	610
964	680
964	740
964	753
964	837
964	903
965	8
965	43
965	139
965	182
965	246
965	280
965	479
965	569
965	751
965	921
966	173
966	398
966	432
966	498
966	520
966	608
966	748
966	812
966	853
966	1000
967	108
967	332
967	355
967	434
967	529
967	594
967	836
967	869
967	885
967	961
968	27
968	117
968	310
968	326
968	342
968	573
968	707
968	728
968	732
968	863
969	79
969	202
969	206
969	251
969	266
969	284
969	314
969	337
969	518
969	885
970	73
970	161
970	262
970	282
970	469
970	548
970	623
970	766
970	943
970	997
971	34
971	227
971	274
971	367
971	537
971	554
971	560
971	644
971	773
971	775
972	8
972	32
972	124
972	195
972	204
972	311
972	621
972	669
972	692
972	820
973	34
973	37
973	115
973	201
973	211
973	431
973	463
973	471
973	806
973	975
974	10
974	142
974	147
974	179
974	265
974	323
974	327
974	382
974	555
974	753
975	6
975	39
975	486
975	488
975	550
975	613
975	706
975	824
975	962
975	973
976	49
976	128
976	307
976	350
976	412
976	462
976	507
976	526
976	576
976	739
977	26
977	39
977	61
977	125
977	217
977	287
977	536
977	676
977	694
977	852
978	12
978	37
978	141
978	160
978	388
978	503
978	542
978	587
978	608
978	957
979	192
979	195
979	296
979	388
979	410
979	581
979	616
979	637
979	903
979	992
980	136
980	214
980	335
980	506
980	601
980	634
980	695
980	903
980	906
980	933
981	52
981	139
981	236
981	276
981	436
981	575
981	617
981	651
981	707
981	769
982	188
982	218
982	288
982	312
982	349
982	387
982	441
982	642
982	699
982	804
983	228
983	384
983	403
983	486
983	488
983	786
983	806
983	830
983	835
983	996
984	46
984	120
984	154
984	179
984	222
984	442
984	565
984	575
984	715
984	905
985	62
985	93
985	142
985	175
985	306
985	448
985	452
985	700
985	731
985	904
986	37
986	64
986	118
986	136
986	252
986	281
986	637
986	702
986	839
986	896
987	39
987	68
987	75
987	211
987	288
987	495
987	501
987	594
987	819
987	852
988	27
988	46
988	71
988	98
988	120
988	139
988	260
988	342
988	727
988	766
989	19
989	346
989	543
989	618
989	620
989	672
989	796
989	908
989	957
989	993
990	418
990	421
990	441
990	537
990	655
990	705
990	745
990	775
990	804
990	866
991	15
991	50
991	54
991	150
991	597
991	652
991	708
991	795
991	808
991	910
992	173
992	216
992	520
992	649
992	668
992	736
992	780
992	812
992	917
992	979
993	106
993	166
993	192
993	284
993	302
993	536
993	542
993	552
993	729
993	989
994	97
994	132
994	296
994	423
994	433
994	608
994	611
994	632
994	837
994	861
995	9
995	111
995	256
995	361
995	411
995	472
995	655
995	725
995	802
995	963
996	175
996	191
996	425
996	430
996	531
996	731
996	763
996	773
996	904
996	983
997	85
997	95
997	282
997	326
997	358
997	513
997	651
997	875
997	905
997	970
998	1
998	93
998	179
998	237
998	430
998	585
998	700
998	805
998	904
998	938
999	23
999	272
999	291
999	311
999	467
999	487
999	569
999	578
999	829
999	895
1000	48
1000	241
1000	375
1000	406
1000	515
1000	649
1000	670
1000	748
1000	941
1000	966
